y1_statefips,y2_statefips,y2_state,y2_state_name,n1,n2,AGI
1,96,AL,AL Total Migration-US and Foreign,46312,85886,2885943
1,97,AL,AL Total Migration-US,45835,84735,2850819
1,98,AL,AL Total Migration-Foreign,477,1151,35124
1,97,AL,AL Total Migration-Same State,65526,126213,3575353
1,1,AL,AL Non-migrants,1617870,3382346,115299520
1,13,GA,Georgia,7762,14323,390923
1,12,FL,Florida,7246,13280,613501
1,47,TN,Tennessee,4296,7759,254097
1,48,TX,Texas,3833,7265,237354
1,28,MS,Mississippi,2606,5020,131251
1,37,NC,North Carolina,1739,3283,111502
1,6,CA,California,1401,2374,87189
1,51,VA,Virginia,1321,2631,88006
1,8,CO,Colorado,1078,1858,70548
1,45,SC,South Carolina,1007,1864,66293
1,22,LA,Louisiana,967,1819,53761
1,39,OH,Ohio,910,1675,46654
1,17,IL,Illinois,833,1414,43819
1,36,NY,New York,753,1272,49115
1,26,MI,Michigan,748,1400,35384
1,21,KY,Kentucky,748,1436,47151
1,18,IN,Indiana,673,1253,32865
1,53,WA,Washington,654,1158,38720
1,29,MO,Missouri,624,1129,31660
1,4,AZ,Arizona,564,1027,32784
1,42,PA,Pennsylvania,563,1007,33061
1,57,FR,Foreign,477,1151,35124
1,24,MD,Maryland,470,877,30287
1,5,AR,Arkansas,467,974,29135
1,40,OK,Oklahoma,395,782,21397
1,20,KS,Kansas,342,720,19974
1,32,NV,Nevada,306,583,39633
1,25,MA,Massachusetts,282,468,17238
1,55,WI,Wisconsin,279,542,13130
1,49,UT,Utah,257,496,19250
1,19,IA,Iowa,256,437,9815
1,34,NJ,New Jersey,232,378,14635
1,27,MN,Minnesota,219,361,11090
1,41,OR,Oregon,215,389,16774
1,35,NM,New Mexico,199,358,16243
1,15,HI,Hawaii,182,440,11272
1,2,AK,Alaska,159,354,9868
1,54,WV,West Virginia,151,306,8753
1,9,CT,Connecticut,132,213,7703
1,11,DC,District Of Columbia,127,167,7966
1,16,ID,Idaho,123,256,6650
1,31,NE,Nebraska,105,228,6534
1,23,ME,Maine,95,191,5653
1,30,MT,Montana,93,182,5475
1,46,SD,South Dakota,85,151,4663
1,38,ND,North Dakota,72,136,3749
1,56,WY,Wyoming,69,125,3662
1,33,NH,New Hampshire,59,109,3984
1,10,DE,Delaware,57,121,5048
1,50,VT,Vermont,41,78,2131
1,44,RI,Rhode Island,40,66,3468
2,96,AK,AK Total Migration-US and Foreign,16506,32245,1117585
2,97,AK,AK Total Migration-US,16160,31543,1097852
2,98,AK,AK Total Migration-Foreign,346,702,19734
2,97,AK,AK Total Migration-Same State,6887,12604,417799
2,2,AK,AK Non-migrants,261362,527600,22099883
2,53,WA,Washington,1700,3029,114380
2,48,TX,Texas,1427,3045,113499
2,6,CA,California,1183,1996,60420
2,12,FL,Florida,973,1942,78488
2,4,AZ,Arizona,943,1704,73354
2,41,OR,Oregon,723,1231,46627
2,8,CO,Colorado,633,1158,40829
2,37,NC,North Carolina,517,1111,34469
2,16,ID,Idaho,483,950,36859
2,13,GA,Georgia,482,1094,27506
2,32,NV,Nevada,414,754,28666
2,51,VA,Virginia,394,890,25679
2,47,TN,Tennessee,348,787,24765
2,57,FR,Foreign,346,702,19734
2,49,UT,Utah,339,703,23051
2,30,MT,Montana,332,617,25924
2,15,HI,Hawaii,313,624,21798
2,26,MI,Michigan,292,605,21900
2,29,MO,Missouri,289,683,18940
2,36,NY,New York,281,469,15656
2,40,OK,Oklahoma,279,643,17670
2,27,MN,Minnesota,258,492,15492
2,1,AL,Alabama,250,550,16589
2,42,PA,Pennsylvania,246,483,15931
2,39,OH,Ohio,242,503,16878
2,45,SC,South Carolina,220,466,13823
2,35,NM,New Mexico,214,393,14999
2,17,IL,Illinois,207,382,13114
2,55,WI,Wisconsin,192,326,11717
2,20,KS,Kansas,166,372,9357
2,22,LA,Louisiana,159,364,10767
2,21,KY,Kentucky,154,340,11606
2,18,IN,Indiana,149,275,10858
2,5,AR,Arkansas,139,277,10047
2,24,MD,Maryland,139,272,9184
2,34,NJ,New Jersey,105,187,5024
2,19,IA,Iowa,104,193,6377
2,25,MA,Massachusetts,99,170,5873
2,56,WY,Wyoming,97,181,3854
2,28,MS,Mississippi,95,202,5489
2,31,NE,Nebraska,88,166,4064
2,46,SD,South Dakota,83,159,5606
2,23,ME,Maine,82,150,5190
2,38,ND,North Dakota,68,137,5708
2,9,CT,Connecticut,48,83,3219
2,33,NH,New Hampshire,48,81,3850
2,54,WV,West Virginia,46,87,2856
2,50,VT,Vermont,36,62,2808
2,10,DE,Delaware,29,73,2014
2,11,DC,District Of Columbia,29,50,4079
2,44,RI,Rhode Island,23,32,997
4,96,AZ,AZ Total Migration-US and Foreign,102848,183341,7713826
4,97,AZ,AZ Total Migration-US,102007,181480,7664780
4,98,AZ,AZ Total Migration-Foreign,841,1861,49046
4,97,AZ,AZ Total Migration-Same State,52429,95177,2834521
4,4,AZ,AZ Non-migrants,2557290,5151958,201684309
4,6,CA,California,15409,25272,1046330
4,48,TX,Texas,9955,19100,808709
4,12,FL,Florida,5469,9754,618934
4,8,CO,Colorado,5347,8881,397647
4,53,WA,Washington,5244,8866,402983
4,32,NV,Nevada,3518,6116,319919
4,41,OR,Oregon,3238,5289,195619
4,49,UT,Utah,3197,6758,223436
4,17,IL,Illinois,3175,5231,238277
4,35,NM,New Mexico,2994,5493,156886
4,37,NC,North Carolina,2620,5120,203567
4,26,MI,Michigan,2488,4356,163291
4,39,OH,Ohio,2265,4012,144709
4,47,TN,Tennessee,2145,4061,196392
4,13,GA,Georgia,2119,4072,162657
4,36,NY,New York,2066,3316,180055
4,27,MN,Minnesota,2030,3397,128586
4,29,MO,Missouri,1932,3715,117287
4,51,VA,Virginia,1898,3502,148499
4,55,WI,Wisconsin,1852,3132,136403
4,16,ID,Idaho,1655,3306,122920
4,42,PA,Pennsylvania,1636,2772,121138
4,18,IN,Indiana,1579,2890,93744
4,40,OK,Oklahoma,1464,2883,81996
4,19,IA,Iowa,1240,2138,73571
4,45,SC,South Carolina,1223,2311,86347
4,30,MT,Montana,1112,1972,81119
4,20,KS,Kansas,1060,1956,124466
4,25,MA,Massachusetts,991,1526,82580
4,5,AR,Arkansas,909,1943,57673
4,57,FR,Foreign,841,1861,49046
4,21,KY,Kentucky,834,1599,49447
4,24,MD,Maryland,824,1375,54268
4,1,AL,Alabama,819,1646,53745
4,31,NE,Nebraska,808,1424,61025
4,15,HI,Hawaii,795,1437,60277
4,34,NJ,New Jersey,790,1321,58949
4,46,SD,South Dakota,716,1343,63339
4,2,AK,Alaska,679,1285,46427
4,56,WY,Wyoming,556,945,73846
4,22,LA,Louisiana,507,930,29402
4,38,ND,North Dakota,495,909,30959
4,9,CT,Connecticut,494,831,41254
4,23,ME,Maine,367,654,22126
4,28,MS,Mississippi,358,689,18043
4,33,NH,New Hampshire,284,511,25221
4,54,WV,West Virginia,202,390,11863
4,50,VT,Vermont,174,296,10800
4,11,DC,District Of Columbia,169,227,13867
4,10,DE,Delaware,154,279,12185
4,44,RI,Rhode Island,152,249,12000
5,96,AR,AR Total Migration-US and Foreign,30637,57065,1691879
5,97,AR,AR Total Migration-US,30432,56666,1682286
5,98,AR,AR Total Migration-Foreign,205,399,9593
5,97,AR,AR Total Migration-Same State,46667,89146,2058425
5,5,AR,AR Non-migrants,976801,2070970,68385089
5,48,TX,Texas,6218,11637,338910
5,29,MO,Missouri,3112,6009,146767
5,40,OK,Oklahoma,2911,5802,115439
5,47,TN,Tennessee,1788,3223,93922
5,12,FL,Florida,1787,3259,163166
5,6,CA,California,1237,2126,64829
5,22,LA,Louisiana,998,1878,42665
5,13,GA,Georgia,836,1560,49391
5,28,MS,Mississippi,823,1608,40124
5,17,IL,Illinois,757,1306,41963
5,8,CO,Colorado,732,1277,40306
5,37,NC,North Carolina,650,1242,46132
5,20,KS,Kansas,618,1100,35996
5,4,AZ,Arizona,526,958,35113
5,53,WA,Washington,500,850,29909
5,1,AL,Alabama,482,925,37214
5,51,VA,Virginia,457,832,29618
5,39,OH,Ohio,453,866,30813
5,26,MI,Michigan,402,759,22496
5,18,IN,Indiana,399,747,19174
5,19,IA,Iowa,392,687,13066
5,21,KY,Kentucky,331,696,18852
5,36,NY,New York,311,462,13560
5,55,WI,Wisconsin,309,564,17075
5,45,SC,South Carolina,302,594,17817
5,27,MN,Minnesota,263,469,14971
5,42,PA,Pennsylvania,260,452,15166
5,49,UT,Utah,223,459,13938
5,32,NV,Nevada,214,399,9979
5,31,NE,Nebraska,212,399,11958
5,41,OR,Oregon,208,362,9559
5,57,FR,Foreign,205,399,9593
5,35,NM,New Mexico,193,323,9595
5,24,MD,Maryland,185,346,11326
5,25,MA,Massachusetts,158,257,11496
5,16,ID,Idaho,138,263,7457
5,34,NJ,New Jersey,132,233,11618
5,30,MT,Montana,112,212,5633
5,2,AK,Alaska,108,247,5485
5,15,HI,Hawaii,90,197,4702
5,38,ND,North Dakota,87,161,4602
5,56,WY,Wyoming,85,155,3943
5,46,SD,South Dakota,81,167,4871
5,54,WV,West Virginia,74,130,3765
5,9,CT,Connecticut,68,115,5347
5,11,DC,District Of Columbia,56,67,3194
5,23,ME,Maine,40,68,2287
5,33,NH,New Hampshire,36,73,1975
5,10,DE,Delaware,32,70,2035
5,44,RI,Rhode Island,31,49,2023
5,50,VT,Vermont,15,26,1042
6,96,CA,CA Total Migration-US and Foreign,403041,724689,50347830
6,97,CA,CA Total Migration-US,399436,716948,50074195
6,98,CA,CA Total Migration-Foreign,3605,7741,273635
6,97,CA,CA Total Migration-Same State,558007,951147,53848903
6,6,CA,CA Non-migrants,14672600,29296404,1515371477
6,48,TX,Texas,52816,105434,7221838
6,4,AZ,Arizona,35173,63097,3689374
6,32,NV,Nevada,31386,54740,5246582
6,53,WA,Washington,27818,46677,3752102
6,12,FL,Florida,23117,40730,4591905
6,41,OR,Oregon,20275,32906,1908972
6,8,CO,Colorado,16153,26911,2237050
6,36,NY,New York,16000,21700,2199523
6,16,ID,Idaho,12341,26233,1611026
6,47,TN,Tennessee,11307,23403,1440329
6,37,NC,North Carolina,11214,21961,1159082
6,49,UT,Utah,10011,19930,1399909
6,13,GA,Georgia,9948,18713,978033
6,51,VA,Virginia,9584,18441,980918
6,17,IL,Illinois,8806,13919,1021449
6,25,MA,Massachusetts,6418,9568,952763
6,42,PA,Pennsylvania,6320,10072,679914
6,15,HI,Hawaii,6121,10743,822712
6,39,OH,Ohio,5635,9596,508840
6,26,MI,Michigan,5321,9190,608679
6,29,MO,Missouri,5245,9928,432565
6,34,NJ,New Jersey,5023,8091,672703
6,40,OK,Oklahoma,4874,9815,288728
6,24,MD,Maryland,4595,7988,487673
6,45,SC,South Carolina,4364,8838,424228
6,35,NM,New Mexico,3850,6427,316358
6,18,IN,Indiana,3794,7046,310507
6,27,MN,Minnesota,3745,6239,349969
6,57,FR,Foreign,3605,7741,273635
6,30,MT,Montana,3550,6563,598903
6,55,WI,Wisconsin,3153,5417,281584
6,5,AR,Arkansas,3139,6554,226927
6,1,AL,Alabama,2492,4876,192602
6,20,KS,Kansas,2416,4588,180316
6,21,KY,Kentucky,2384,4585,188396
6,9,CT,Connecticut,2358,3932,336984
6,22,LA,Louisiana,2217,3810,182374
6,19,IA,Iowa,2157,3598,119683
6,11,DC,District Of Columbia,1846,2381,211823
6,31,NE,Nebraska,1611,3032,104148
6,56,WY,Wyoming,1369,2607,226519
6,2,AK,Alaska,1350,2273,88411
6,46,SD,South Dakota,1294,2484,127921
6,28,MS,Mississippi,1258,2423,82894
6,23,ME,Maine,1185,1965,132564
6,33,NH,New Hampshire,1111,1877,208053
6,44,RI,Rhode Island,796,1343,79492
6,38,ND,North Dakota,730,1367,38094
6,50,VT,Vermont,676,1092,85334
6,10,DE,Delaware,582,961,55614
6,54,WV,West Virginia,508,884,31829
8,96,CO,CO Total Migration-US and Foreign,114450,201247,8838704
8,97,CO,CO Total Migration-US,113544,199093,8769574
8,98,CO,CO Total Migration-Foreign,906,2154,69129
8,97,CO,CO Total Migration-Same State,146325,236978,10389117
8,8,CO,CO Non-migrants,2093190,4130700,204558100
8,48,TX,Texas,13162,25021,1063832
8,12,FL,Florida,9974,18017,1030131
8,6,CA,California,9189,14293,769522
8,4,AZ,Arizona,6606,11264,558697
8,53,WA,Washington,3886,6376,307839
8,37,NC,North Carolina,3488,6409,273913
8,35,NM,New Mexico,2979,5102,170459
8,29,MO,Missouri,2851,5291,186121
8,17,IL,Illinois,2836,4407,190715
8,13,GA,Georgia,2809,5409,191895
8,40,OK,Oklahoma,2744,5288,159731
8,47,TN,Tennessee,2567,4804,209078
8,56,WY,Wyoming,2542,4521,182584
8,36,NY,New York,2529,3699,179709
8,20,KS,Kansas,2517,4821,157248
8,51,VA,Virginia,2483,4648,209633
8,49,UT,Utah,2384,4292,175795
8,41,OR,Oregon,2249,3437,151022
8,26,MI,Michigan,2125,3545,164527
8,39,OH,Ohio,2086,3598,137519
8,31,NE,Nebraska,2068,3693,119363
8,32,NV,Nevada,1981,3356,152305
8,27,MN,Minnesota,1942,3166,147529
8,42,PA,Pennsylvania,1904,3102,137668
8,55,WI,Wisconsin,1729,2760,125670
8,45,SC,South Carolina,1712,3265,141717
8,30,MT,Montana,1645,2755,141307
8,18,IN,Indiana,1526,2746,102358
8,19,IA,Iowa,1414,2430,81145
8,16,ID,Idaho,1413,2702,101778
8,25,MA,Massachusetts,1289,1913,112802
8,5,AR,Arkansas,1271,2481,88392
8,1,AL,Alabama,1214,2419,84668
8,24,MD,Maryland,1123,1928,83368
8,46,SD,South Dakota,1118,2024,93160
8,21,KY,Kentucky,950,1789,61483
8,22,LA,Louisiana,926,1679,53391
8,15,HI,Hawaii,922,1696,74103
8,57,FR,Foreign,906,2154,69129
8,34,NJ,New Jersey,854,1328,64348
8,2,AK,Alaska,681,1280,43970
8,23,ME,Maine,588,953,44095
8,28,MS,Mississippi,556,1016,32574
8,9,CT,Connecticut,538,854,52015
8,38,ND,North Dakota,523,908,29051
8,33,NH,New Hampshire,409,652,32402
8,50,VT,Vermont,322,519,23923
8,11,DC,District Of Columbia,304,411,26215
8,54,WV,West Virginia,271,483,16016
8,44,RI,Rhode Island,184,284,20809
8,10,DE,Delaware,161,259,11980
9,96,CT,CT Total Migration-US and Foreign,51591,85886,6862485
9,97,CT,CT Total Migration-US,51275,85293,6840523
9,98,CT,CT Total Migration-Foreign,316,593,21962
9,97,CT,CT Total Migration-Same State,34531,54747,2531525
9,9,CT,CT Non-migrants,1392900,2693667,160531241
9,12,FL,Florida,9014,16466,2126536
9,36,NY,New York,8184,12133,1072041
9,25,MA,Massachusetts,5381,7720,517746
9,37,NC,North Carolina,2536,4684,241970
9,6,CA,California,2324,3490,260642
9,48,TX,Texas,2074,3918,230248
9,34,NJ,New Jersey,1887,3077,235259
9,45,SC,South Carolina,1858,3516,264145
9,42,PA,Pennsylvania,1609,2711,158674
9,51,VA,Virginia,1497,2711,139670
9,44,RI,Rhode Island,1469,2234,159559
9,13,GA,Georgia,1423,2691,120159
9,33,NH,New Hampshire,1034,1724,229535
9,23,ME,Maine,948,1527,91737
9,8,CO,Colorado,851,1227,103286
9,24,MD,Maryland,810,1290,77797
9,47,TN,Tennessee,731,1383,66290
9,4,AZ,Arizona,652,1055,63940
9,53,WA,Washington,636,1076,75423
9,50,VT,Vermont,621,954,69439
9,17,IL,Illinois,590,903,61746
9,39,OH,Ohio,587,1018,42584
9,26,MI,Michigan,423,770,46547
9,11,DC,District Of Columbia,328,396,30389
9,57,FR,Foreign,316,593,21962
9,18,IN,Indiana,296,545,28829
9,10,DE,Delaware,257,455,35067
9,41,OR,Oregon,248,367,19138
9,49,UT,Utah,230,455,37907
9,32,NV,Nevada,230,369,28387
9,1,AL,Alabama,229,446,18875
9,27,MN,Minnesota,226,403,22177
9,29,MO,Missouri,223,386,22744
9,55,WI,Wisconsin,220,379,17947
9,15,HI,Hawaii,208,345,18761
9,21,KY,Kentucky,176,299,6933
9,22,LA,Louisiana,138,225,9835
9,40,OK,Oklahoma,135,245,9315
9,5,AR,Arkansas,117,223,8015
9,35,NM,New Mexico,109,160,7707
9,19,IA,Iowa,106,168,9211
9,20,KS,Kansas,104,198,8001
9,54,WV,West Virginia,83,153,4874
9,16,ID,Idaho,79,156,9625
9,31,NE,Nebraska,71,113,5611
9,30,MT,Montana,70,111,3075
9,46,SD,South Dakota,66,140,5708
9,28,MS,Mississippi,63,102,3672
9,2,AK,Alaska,55,74,2926
9,56,WY,Wyoming,52,76,10252
9,38,ND,North Dakota,17,26,570
10,96,DE,DE Total Migration-US and Foreign,16519,28311,1432778
10,97,DE,DE Total Migration-US,16366,28009,1424909
10,98,DE,DE Total Migration-Foreign,153,302,7869
10,97,DE,DE Total Migration-Same State,4954,8823,318213
10,10,DE,DE Non-migrants,371855,726638,29942936
10,42,PA,Pennsylvania,3623,5994,270192
10,24,MD,Maryland,2973,5051,175182
10,12,FL,Florida,1664,2977,336546
10,34,NJ,New Jersey,1232,2009,85296
10,51,VA,Virginia,798,1346,105223
10,36,NY,New York,726,1089,61128
10,37,NC,North Carolina,662,1209,48859
10,48,TX,Texas,643,1241,46826
10,13,GA,Georgia,461,875,28813
10,6,CA,California,415,651,33809
10,45,SC,South Carolina,313,610,29409
10,25,MA,Massachusetts,210,335,17278
10,39,OH,Ohio,205,348,12365
10,4,AZ,Arizona,189,343,13952
10,47,TN,Tennessee,184,355,13008
10,8,CO,Colorado,184,283,13637
10,57,FR,Foreign,153,302,7869
10,53,WA,Washington,129,204,11441
10,17,IL,Illinois,125,212,9477
10,9,CT,Connecticut,120,207,7822
10,26,MI,Michigan,107,189,7277
10,18,IN,Indiana,104,177,5275
10,11,DC,District Of Columbia,100,128,10498
10,1,AL,Alabama,89,200,6749
10,32,NV,Nevada,84,135,8055
10,54,WV,West Virginia,71,145,4113
10,29,MO,Missouri,66,130,3610
10,21,KY,Kentucky,64,121,2782
10,40,OK,Oklahoma,60,140,3655
10,23,ME,Maine,58,95,3197
10,15,HI,Hawaii,53,90,3029
10,55,WI,Wisconsin,50,84,6274
10,22,LA,Louisiana,49,89,2665
10,41,OR,Oregon,48,70,4433
10,33,NH,New Hampshire,42,58,3710
10,49,UT,Utah,41,73,3591
10,27,MN,Minnesota,41,62,2756
10,5,AR,Arkansas,34,56,1869
10,2,AK,Alaska,34,78,1917
10,44,RI,Rhode Island,33,60,2249
10,30,MT,Montana,32,52,1669
10,28,MS,Mississippi,32,62,1243
10,20,KS,Kansas,32,51,2047
10,19,IA,Iowa,31,52,1015
10,35,NM,New Mexico,30,50,1581
10,50,VT,Vermont,26,42,2536
10,16,ID,Idaho,25,44,1640
10,46,SD,South Dakota,24,50,1096
10,31,NE,Nebraska,19,37,1628
10,56,WY,Wyoming,16,25,1769
10,38,ND,North Dakota,15,25,719
11,96,DC,DC Total Migration-US and Foreign,36086,51822,4255679
11,97,DC,DC Total Migration-US,35750,51126,4207668
11,98,DC,DC Total Migration-Foreign,336,696,48010
11,11,DC,DC Non-migrants,258325,420907,31591993
11,24,MD,Maryland,11221,18566,1141982
11,51,VA,Virginia,7061,9796,865942
11,36,NY,New York,2083,2407,228377
11,6,CA,California,2033,2542,240313
11,12,FL,Florida,1604,2243,399543
11,42,PA,Pennsylvania,1080,1352,105403
11,48,TX,Texas,1062,1450,124999
11,37,NC,North Carolina,1025,1452,98873
11,25,MA,Massachusetts,805,1007,99838
11,17,IL,Illinois,683,837,70405
11,13,GA,Georgia,676,897,65208
11,8,CO,Colorado,659,819,81045
11,34,NJ,New Jersey,596,750,57232
11,53,WA,Washington,477,622,60256
11,39,OH,Ohio,376,523,34317
11,26,MI,Michigan,357,479,35049
11,57,FR,Foreign,336,696,48010
11,9,CT,Connecticut,330,407,35273
11,45,SC,South Carolina,314,452,39886
11,47,TN,Tennessee,288,380,37914
11,4,AZ,Arizona,215,291,22112
11,27,MN,Minnesota,189,232,18503
11,41,OR,Oregon,174,215,16211
11,10,DE,Delaware,171,251,38342
11,29,MO,Missouri,161,202,14119
11,23,ME,Maine,159,231,31853
11,55,WI,Wisconsin,142,202,15357
11,18,IN,Indiana,129,161,9827
11,22,LA,Louisiana,121,172,15793
11,32,NV,Nevada,119,155,30377
11,54,WV,West Virginia,117,175,12471
11,33,NH,New Hampshire,114,158,13378
11,15,HI,Hawaii,107,166,12992
11,1,AL,Alabama,107,166,12379
11,49,UT,Utah,105,155,14784
11,44,RI,Rhode Island,94,127,11307
11,19,IA,Iowa,93,112,5316
11,21,KY,Kentucky,92,123,9246
11,35,NM,New Mexico,85,120,13433
11,50,VT,Vermont,82,118,10333
11,40,OK,Oklahoma,66,95,6869
11,20,KS,Kansas,63,87,7096
11,30,MT,Montana,53,65,8348
11,5,AR,Arkansas,51,68,5205
11,46,SD,South Dakota,38,48,2656
11,16,ID,Idaho,37,54,4369
11,28,MS,Mississippi,36,50,3867
11,2,AK,Alaska,36,57,4375
11,31,NE,Nebraska,30,35,2671
11,56,WY,Wyoming,18,35,10793
11,38,ND,North Dakota,16,19,1429
12,96,FL,FL Total Migration-US and Foreign,264061,451633,18970043
12,97,FL,FL Total Migration-US,260005,443650,18737886
12,98,FL,FL Total Migration-Foreign,4056,7983,232157
12,97,FL,FL Total Migration-Same State,387184,667607,23863225
12,12,FL,FL Non-migrants,8080885,15343429,687659953
12,13,GA,Georgia,26055,47745,1675280
12,48,TX,Texas,20616,36961,1374945
12,37,NC,North Carolina,18291,32613,1280481
12,36,NY,New York,17048,25813,1153329
12,6,CA,California,12455,19863,1126619
12,47,TN,Tennessee,11822,21582,827019
12,51,VA,Virginia,10677,19093,1060654
12,42,PA,Pennsylvania,9503,15535,676843
12,39,OH,Ohio,9392,15741,611514
12,45,SC,South Carolina,8079,14589,558212
12,26,MI,Michigan,7952,13203,475318
12,1,AL,Alabama,7865,14829,467978
12,8,CO,Colorado,7735,12112,572949
12,34,NJ,New Jersey,7567,12092,676323
12,17,IL,Illinois,7344,11578,531467
12,25,MA,Massachusetts,6667,10360,544350
12,18,IN,Indiana,6080,10540,317518
12,24,MD,Maryland,5183,8610,389865
12,53,WA,Washington,4543,7399,322828
12,4,AZ,Arizona,4316,7142,308310
12,57,FR,Foreign,4056,7983,232157
12,21,KY,Kentucky,4039,7073,248993
12,9,CT,Connecticut,3854,6158,364776
12,29,MO,Missouri,3523,6182,204919
12,55,WI,Wisconsin,3257,5381,258669
12,32,NV,Nevada,2559,4183,346392
12,22,LA,Louisiana,2483,4280,129173
12,27,MN,Minnesota,2419,3975,206265
12,23,ME,Maine,2054,3360,143387
12,28,MS,Mississippi,2045,3786,97872
12,40,OK,Oklahoma,2009,3834,93694
12,33,NH,New Hampshire,1833,2977,157662
12,41,OR,Oregon,1802,2720,138904
12,5,AR,Arkansas,1710,3089,109524
12,49,UT,Utah,1660,3043,124780
12,19,IA,Iowa,1651,2637,93540
12,20,KS,Kansas,1522,2801,86281
12,44,RI,Rhode Island,1346,2159,131554
12,54,WV,West Virginia,1303,2186,64470
12,35,NM,New Mexico,1284,2273,78651
12,15,HI,Hawaii,1153,2103,63648
12,11,DC,District Of Columbia,1011,1316,95257
12,10,DE,Delaware,1010,1669,93565
12,31,NE,Nebraska,1005,1711,53255
12,50,VT,Vermont,785,1254,55666
12,2,AK,Alaska,779,1404,37958
12,30,MT,Montana,724,1142,49681
12,16,ID,Idaho,669,1245,50000
12,46,SD,South Dakota,498,854,43264
12,38,ND,North Dakota,440,795,21042
12,56,WY,Wyoming,388,660,143242
13,96,GA,GA Total Migration-US and Foreign,124624,227888,9138668
13,97,GA,GA Total Migration-US,123102,224629,9051354
13,98,GA,GA Total Migration-Foreign,1522,3259,87314
13,97,GA,GA Total Migration-Same State,246348,465351,14502398
13,13,GA,GA Non-migrants,3467626,7212072,277561819
13,12,FL,Florida,24120,44175,2320171
13,48,TX,Texas,9390,17951,640989
13,45,SC,South Carolina,8738,16189,698292
13,1,AL,Alabama,8704,16900,510255
13,37,NC,North Carolina,8473,15293,662726
13,47,TN,Tennessee,7986,14631,538486
13,6,CA,California,5931,9841,452488
13,51,VA,Virginia,4363,8069,288734
13,36,NY,New York,4043,6338,238192
13,8,CO,Colorado,2762,4792,203920
13,39,OH,Ohio,2728,4934,156552
13,17,IL,Illinois,2535,4335,158993
13,42,PA,Pennsylvania,2281,4060,145010
13,24,MD,Maryland,2150,3910,132585
13,53,WA,Washington,2148,3976,161696
13,26,MI,Michigan,2045,3727,116699
13,4,AZ,Arizona,1766,3172,125009
13,34,NJ,New Jersey,1691,2887,106289
13,22,LA,Louisiana,1578,2857,76237
13,21,KY,Kentucky,1571,3101,97216
13,18,IN,Indiana,1549,2918,85099
13,57,FR,Foreign,1522,3259,87314
13,28,MS,Mississippi,1473,2738,70898
13,29,MO,Missouri,1329,2605,76090
13,25,MA,Massachusetts,1239,1983,96296
13,32,NV,Nevada,971,1743,56389
13,40,OK,Oklahoma,912,1734,49061
13,55,WI,Wisconsin,806,1459,49932
13,20,KS,Kansas,777,1640,49365
13,27,MN,Minnesota,759,1305,57534
13,9,CT,Connecticut,729,1286,88966
13,5,AR,Arkansas,710,1433,42355
13,49,UT,Utah,693,1382,65499
13,41,OR,Oregon,686,1157,44261
13,15,HI,Hawaii,645,1391,39279
13,19,IA,Iowa,583,1004,27950
13,11,DC,District Of Columbia,529,708,38274
13,35,NM,New Mexico,443,813,33044
13,2,AK,Alaska,424,915,24709
13,54,WV,West Virginia,360,695,19589
13,23,ME,Maine,301,530,22963
13,31,NE,Nebraska,299,585,17565
13,10,DE,Delaware,282,516,14640
13,16,ID,Idaho,271,517,26788
13,30,MT,Montana,266,498,38185
13,33,NH,New Hampshire,256,441,21629
13,44,RI,Rhode Island,186,328,16216
13,46,SD,South Dakota,179,355,10410
13,38,ND,North Dakota,179,334,8597
13,56,WY,Wyoming,143,264,18259
13,50,VT,Vermont,120,214,10974
15,96,HI,HI Total Migration-US and Foreign,29585,59927,2105287
15,97,HI,HI Total Migration-US,28672,57763,2032306
15,98,HI,HI Total Migration-Foreign,913,2164,72981
15,97,HI,HI Total Migration-Same State,2960,4853,155573
15,15,HI,HI Non-migrants,555355,1060404,41566142
15,6,CA,California,4885,8542,344458
15,48,TX,Texas,2531,5736,193340
15,53,WA,Washington,2416,4784,166692
15,32,NV,Nevada,1782,3379,112376
15,12,FL,Florida,1669,3398,137263
15,51,VA,Virginia,1326,3180,108790
15,8,CO,Colorado,1166,2382,177842
15,4,AZ,Arizona,1112,2114,71084
15,41,OR,Oregon,983,1686,52486
15,57,FR,Foreign,913,2164,72981
15,37,NC,North Carolina,866,1959,54217
15,13,GA,Georgia,815,1863,47739
15,49,UT,Utah,659,1558,34603
15,36,NY,New York,640,1112,41339
15,24,MD,Maryland,573,1185,43909
15,47,TN,Tennessee,466,1058,32538
15,29,MO,Missouri,419,909,26122
15,45,SC,South Carolina,404,906,27872
15,17,IL,Illinois,392,735,22655
15,39,OH,Ohio,370,734,17713
15,42,PA,Pennsylvania,340,662,24835
15,26,MI,Michigan,298,540,17172
15,40,OK,Oklahoma,292,721,14997
15,2,AK,Alaska,281,561,15681
15,1,AL,Alabama,270,628,18728
15,16,ID,Idaho,267,580,21714
15,20,KS,Kansas,264,678,15526
15,25,MA,Massachusetts,236,422,14532
15,21,KY,Kentucky,224,532,13101
15,18,IN,Indiana,218,439,12801
15,27,MN,Minnesota,208,364,10773
15,22,LA,Louisiana,207,454,11169
15,34,NJ,New Jersey,194,331,11039
15,19,IA,Iowa,193,386,7174
15,55,WI,Wisconsin,190,341,11566
15,35,NM,New Mexico,178,306,11018
15,9,CT,Connecticut,167,359,13698
15,5,AR,Arkansas,166,335,7797
15,30,MT,Montana,152,261,9591
15,33,NH,New Hampshire,104,173,6497
15,28,MS,Mississippi,103,224,5377
15,31,NE,Nebraska,100,192,5221
15,11,DC,District Of Columbia,100,165,8584
15,23,ME,Maine,97,191,7196
15,46,SD,South Dakota,69,130,4578
15,56,WY,Wyoming,59,158,6091
15,44,RI,Rhode Island,54,102,3914
15,54,WV,West Virginia,53,90,1931
15,38,ND,North Dakota,43,101,1963
15,10,DE,Delaware,39,63,2534
15,50,VT,Vermont,32,54,2473
16,96,ID,ID Total Migration-US and Foreign,28149,54080,1654906
16,97,ID,ID Total Migration-US,27966,53699,1645910
16,98,ID,ID Total Migration-Foreign,183,381,8996
16,97,ID,ID Total Migration-Same State,24477,48637,1283093
16,16,ID,ID Non-migrants,628287,1374275,50009113
16,53,WA,Washington,4891,8668,267339
16,49,UT,Utah,2939,6033,159430
16,6,CA,California,2673,4675,187478
16,41,OR,Oregon,2437,4354,125439
16,4,AZ,Arizona,1710,3255,100959
16,48,TX,Texas,1552,3337,97634
16,30,MT,Montana,1161,2171,58458
16,32,NV,Nevada,953,1758,64272
16,8,CO,Colorado,906,1546,51458
16,12,FL,Florida,903,1811,57876
16,56,WY,Wyoming,456,895,26993
16,37,NC,North Carolina,418,842,25185
16,47,TN,Tennessee,388,919,25876
16,29,MO,Missouri,342,794,16368
16,51,VA,Virginia,338,709,21322
16,2,AK,Alaska,311,628,16238
16,39,OH,Ohio,300,640,17199
16,13,GA,Georgia,290,592,17463
16,26,MI,Michigan,278,557,14863
16,36,NY,New York,272,496,30105
16,17,IL,Illinois,270,496,17095
16,40,OK,Oklahoma,263,581,12645
16,45,SC,South Carolina,256,570,18702
16,35,NM,New Mexico,249,460,15274
16,42,PA,Pennsylvania,246,495,16274
16,55,WI,Wisconsin,240,495,13351
16,5,AR,Arkansas,224,511,12341
16,38,ND,North Dakota,222,449,12163
16,27,MN,Minnesota,222,417,11364
16,18,IN,Indiana,204,462,12812
16,19,IA,Iowa,198,401,8545
16,15,HI,Hawaii,189,388,11601
16,20,KS,Kansas,185,391,13890
16,57,FR,Foreign,183,381,8996
16,21,KY,Kentucky,181,395,9600
16,1,AL,Alabama,166,358,11107
16,46,SD,South Dakota,163,332,8501
16,31,NE,Nebraska,163,319,7548
16,24,MD,Maryland,113,219,6738
16,25,MA,Massachusetts,112,175,7053
16,22,LA,Louisiana,81,169,5634
16,28,MS,Mississippi,80,189,4718
16,23,ME,Maine,80,144,4128
16,34,NJ,New Jersey,70,134,4933
16,9,CT,Connecticut,63,113,5377
16,33,NH,New Hampshire,56,99,3515
16,54,WV,West Virginia,43,81,1615
16,50,VT,Vermont,40,69,3235
16,11,DC,District Of Columbia,24,32,1461
16,10,DE,Delaware,23,39,1382
16,44,RI,Rhode Island,22,36,1351
17,96,IL,IL Total Migration-US and Foreign,156913,272385,18499218
17,97,IL,IL Total Migration-US,156209,271054,18455718
17,98,IL,IL Total Migration-Foreign,704,1331,43500
17,97,IL,IL Total Migration-Same State,153757,270450,10656738
17,17,IL,IL Non-migrants,4764685,9555760,432945498
17,12,FL,Florida,18180,33210,4432681
17,18,IN,Indiana,13671,25684,930786
17,48,TX,Texas,13141,25266,1465260
17,55,WI,Wisconsin,11347,18839,1012778
17,6,CA,California,10456,15897,1450121
17,29,MO,Missouri,8966,14895,553074
17,4,AZ,Arizona,6758,11778,955655
17,47,TN,Tennessee,6270,11946,961458
17,26,MI,Michigan,6085,10208,751238
17,8,CO,Colorado,5399,8175,720047
17,19,IA,Iowa,4990,8559,281049
17,13,GA,Georgia,4475,8434,396018
17,37,NC,North Carolina,4036,7351,414577
17,36,NY,New York,3892,5228,420471
17,39,OH,Ohio,3794,6351,337228
17,53,WA,Washington,2896,4328,337600
17,27,MN,Minnesota,2592,4182,198957
17,51,VA,Virginia,2508,4374,251184
17,21,KY,Kentucky,2264,4123,162519
17,45,SC,South Carolina,2209,4340,280356
17,42,PA,Pennsylvania,2111,3495,216777
17,32,NV,Nevada,1938,3342,228249
17,25,MA,Massachusetts,1757,2575,224733
17,1,AL,Alabama,1416,2814,108209
17,34,NJ,New Jersey,1363,2298,158103
17,24,MD,Maryland,1244,2057,123775
17,5,AR,Arkansas,1204,2203,77205
17,41,OR,Oregon,1108,1640,83109
17,20,KS,Kansas,1000,1772,85672
17,40,OK,Oklahoma,854,1602,49800
17,49,UT,Utah,810,1470,128582
17,28,MS,Mississippi,805,1456,40197
17,22,LA,Louisiana,715,1191,44302
17,57,FR,Foreign,704,1331,43500
17,31,NE,Nebraska,659,1186,49942
17,11,DC,District Of Columbia,643,759,57865
17,9,CT,Connecticut,642,1015,76462
17,35,NM,New Mexico,578,957,49366
17,15,HI,Hawaii,448,763,31934
17,46,SD,South Dakota,358,693,55613
17,16,ID,Idaho,339,682,30028
17,30,MT,Montana,313,563,33260
17,23,ME,Maine,257,402,26729
17,33,NH,New Hampshire,253,441,31919
17,56,WY,Wyoming,248,466,40663
17,38,ND,North Dakota,236,421,15636
17,2,AK,Alaska,224,383,12075
17,54,WV,West Virginia,213,339,12670
17,44,RI,Rhode Island,202,332,19594
17,10,DE,Delaware,201,339,16876
17,50,VT,Vermont,141,230,13316
18,96,IN,IN Total Migration-US and Foreign,66558,116762,4464467
18,97,IN,IN Total Migration-US,66296,116261,4452579
18,98,IN,IN Total Migration-Foreign,262,501,11888
18,97,IN,IN Total Migration-Same State,108381,194789,5951016
18,18,IN,IN Non-migrants,2478643,5096931,178280089
18,12,FL,Florida,8448,15271,949979
18,17,IL,Illinois,8322,14130,399817
18,21,KY,Kentucky,5074,8883,240698
18,39,OH,Ohio,4787,8154,254346
18,26,MI,Michigan,4737,8476,309160
18,48,TX,Texas,4337,7896,270195
18,6,CA,California,2898,4602,193747
18,47,TN,Tennessee,2592,4670,190079
18,13,GA,Georgia,2088,4029,118852
18,37,NC,North Carolina,1958,3632,137211
18,4,AZ,Arizona,1887,3312,135799
18,8,CO,Colorado,1723,2548,123537
18,29,MO,Missouri,1173,2212,68694
18,51,VA,Virginia,1168,2057,73201
18,36,NY,New York,1162,1833,85414
18,45,SC,South Carolina,1108,2074,85932
18,55,WI,Wisconsin,1098,1922,63228
18,42,PA,Pennsylvania,988,1660,65687
18,53,WA,Washington,972,1494,67075
18,1,AL,Alabama,909,1801,72416
18,32,NV,Nevada,659,1147,47391
18,27,MN,Minnesota,650,1143,40572
18,19,IA,Iowa,601,1049,28154
18,24,MD,Maryland,573,1018,37739
18,25,MA,Massachusetts,536,856,40665
18,40,OK,Oklahoma,493,903,25749
18,5,AR,Arkansas,454,906,23932
18,41,OR,Oregon,453,704,23456
18,34,NJ,New Jersey,447,754,35961
18,20,KS,Kansas,394,753,24225
18,28,MS,Mississippi,386,784,19953
18,22,LA,Louisiana,379,652,17642
18,49,UT,Utah,369,675,14787
18,57,FR,Foreign,262,501,11888
18,35,NM,New Mexico,242,385,15224
18,54,WV,West Virginia,215,419,10601
18,31,NE,Nebraska,211,390,12576
18,9,CT,Connecticut,208,337,19513
18,16,ID,Idaho,174,349,14511
18,30,MT,Montana,168,316,12252
18,15,HI,Hawaii,168,290,8345
18,46,SD,South Dakota,148,249,8647
18,11,DC,District Of Columbia,138,163,10878
18,23,ME,Maine,135,241,8976
18,2,AK,Alaska,127,205,6894
18,33,NH,New Hampshire,99,153,5618
18,38,ND,North Dakota,98,174,4150
18,56,WY,Wyoming,97,184,15365
18,44,RI,Rhode Island,92,148,5140
18,10,DE,Delaware,80,134,3867
18,50,VT,Vermont,73,124,4730
19,96,IA,IA Total Migration-US and Foreign,36426,62877,2178771
19,97,IA,IA Total Migration-US,36316,62663,2172460
19,98,IA,IA Total Migration-Foreign,110,214,6310
19,97,IA,IA Total Migration-Same State,46489,80122,2463999
19,19,IA,IA Non-migrants,1170381,2438065,91713820
19,17,IL,Illinois,4381,7420,205371
19,31,NE,Nebraska,3040,5182,151760
19,48,TX,Texas,2606,4739,149072
19,27,MN,Minnesota,2549,4282,151968
19,12,FL,Florida,2284,4055,221114
19,29,MO,Missouri,2026,3645,118567
19,55,WI,Wisconsin,1649,2773,99764
19,8,CO,Colorado,1542,2278,89295
19,6,CA,California,1510,2343,93588
19,4,AZ,Arizona,1478,2541,109213
19,46,SD,South Dakota,1181,2010,72770
19,37,NC,North Carolina,739,1367,50816
19,20,KS,Kansas,710,1342,47022
19,18,IN,Indiana,697,1321,33655
19,53,WA,Washington,667,1065,41042
19,39,OH,Ohio,657,1226,35471
19,13,GA,Georgia,636,1290,42065
19,47,TN,Tennessee,622,1129,37977
19,26,MI,Michigan,580,1029,34042
19,51,VA,Virginia,482,822,34121
19,36,NY,New York,472,703,25584
19,42,PA,Pennsylvania,443,770,24378
19,21,KY,Kentucky,390,726,17896
19,41,OR,Oregon,388,587,17594
19,5,AR,Arkansas,387,731,20577
19,40,OK,Oklahoma,386,768,20174
19,45,SC,South Carolina,360,658,29621
19,32,NV,Nevada,328,560,21067
19,1,AL,Alabama,294,514,15936
19,49,UT,Utah,272,514,16057
19,24,MD,Maryland,232,361,12258
19,25,MA,Massachusetts,224,342,12816
19,38,ND,North Dakota,199,347,11908
19,35,NM,New Mexico,195,334,10350
19,22,LA,Louisiana,193,332,8202
19,34,NJ,New Jersey,183,320,13087
19,28,MS,Mississippi,179,323,6259
19,30,MT,Montana,167,294,13150
19,16,ID,Idaho,163,289,9041
19,11,DC,District Of Columbia,120,133,3698
19,57,FR,Foreign,110,214,6310
19,56,WY,Wyoming,101,177,11011
19,9,CT,Connecticut,98,154,4908
19,15,HI,Hawaii,96,173,4781
19,54,WV,West Virginia,95,158,4824
19,23,ME,Maine,81,148,4119
19,2,AK,Alaska,67,92,2785
19,33,NH,New Hampshire,60,122,5346
19,44,RI,Rhode Island,37,55,1563
19,10,DE,Delaware,36,49,1745
19,50,VT,Vermont,34,70,3033
20,96,KS,KS Total Migration-US and Foreign,42800,78916,2847990
20,97,KS,KS Total Migration-US,42427,77996,2825754
20,98,KS,KS Total Migration-Foreign,373,920,22235
20,97,KS,KS Total Migration-Same State,36283,64902,1810821
20,20,KS,KS Non-migrants,1045287,2193673,84632939
20,29,MO,Missouri,11852,19766,717179
20,48,TX,Texas,4728,9270,316421
20,40,OK,Oklahoma,2731,5348,125963
20,8,CO,Colorado,2271,4112,158181
20,12,FL,Florida,2267,4162,245087
20,6,CA,California,1657,2876,114958
20,31,NE,Nebraska,1142,2019,59149
20,4,AZ,Arizona,1100,2026,77508
20,13,GA,Georgia,999,2227,64728
20,53,WA,Washington,874,1745,77128
20,37,NC,North Carolina,853,1770,62867
20,17,IL,Illinois,850,1395,48161
20,5,AR,Arkansas,778,1400,54523
20,47,TN,Tennessee,697,1384,41526
20,51,VA,Virginia,690,1506,50620
20,19,IA,Iowa,669,1246,41050
20,39,OH,Ohio,556,1032,32635
20,36,NY,New York,517,877,48510
20,26,MI,Michigan,453,896,29589
20,27,MN,Minnesota,450,811,32276
20,18,IN,Indiana,431,855,25292
20,45,SC,South Carolina,414,790,39290
20,1,AL,Alabama,385,794,28116
20,42,PA,Pennsylvania,382,720,25931
20,57,FR,Foreign,373,920,22235
20,55,WI,Wisconsin,357,629,23420
20,41,OR,Oregon,348,582,19454
20,21,KY,Kentucky,341,752,18978
20,32,NV,Nevada,299,525,21528
20,24,MD,Maryland,282,565,19133
20,35,NM,New Mexico,274,498,16262
20,22,LA,Louisiana,251,478,12654
20,49,UT,Utah,246,484,16955
20,15,HI,Hawaii,234,589,14620
20,46,SD,South Dakota,231,410,14804
20,34,NJ,New Jersey,205,374,15518
20,28,MS,Mississippi,196,364,11552
20,16,ID,Idaho,186,400,19090
20,25,MA,Massachusetts,185,300,12820
20,30,MT,Montana,153,310,13551
20,2,AK,Alaska,153,349,8530
20,56,WY,Wyoming,128,248,7192
20,38,ND,North Dakota,111,208,10493
20,9,CT,Connecticut,102,185,6992
20,11,DC,District Of Columbia,84,134,5336
20,54,WV,West Virginia,73,150,4635
20,23,ME,Maine,61,104,3077
20,33,NH,New Hampshire,60,114,4165
20,10,DE,Delaware,49,98,2846
20,50,VT,Vermont,40,61,2393
20,44,RI,Rhode Island,32,58,3066
21,96,KY,KY Total Migration-US and Foreign,46417,84548,2944517
21,97,KY,KY Total Migration-US,46091,83836,2925100
21,98,KY,KY Total Migration-Foreign,326,712,19417
21,97,KY,KY Total Migration-Same State,67597,125699,3179237
21,21,KY,KY Non-migrants,1516164,3144180,102867334
21,39,OH,Ohio,6305,10651,332976
21,18,IN,Indiana,5976,10671,305217
21,47,TN,Tennessee,5417,9957,293617
21,12,FL,Florida,5217,9717,573695
21,48,TX,Texas,2357,4671,146585
21,13,GA,Georgia,1679,3239,115959
21,17,IL,Illinois,1550,2659,74313
21,37,NC,North Carolina,1506,2864,93094
21,6,CA,California,1354,2223,79453
21,51,VA,Virginia,1164,2172,70513
21,26,MI,Michigan,1089,1987,73232
21,45,SC,South Carolina,1019,1992,93639
21,8,CO,Colorado,873,1556,51698
21,1,AL,Alabama,869,1727,52461
21,29,MO,Missouri,835,1558,58321
21,36,NY,New York,718,1210,42757
21,54,WV,West Virginia,716,1329,30141
21,42,PA,Pennsylvania,705,1278,42984
21,4,AZ,Arizona,656,1149,33503
21,53,WA,Washington,553,1035,41355
21,55,WI,Wisconsin,371,683,24314
21,24,MD,Maryland,350,614,22133
21,40,OK,Oklahoma,337,701,17798
21,57,FR,Foreign,326,712,19417
21,22,LA,Louisiana,322,589,16762
21,28,MS,Mississippi,321,624,18381
21,27,MN,Minnesota,296,555,15812
21,5,AR,Arkansas,289,568,13881
21,19,IA,Iowa,284,448,9300
21,20,KS,Kansas,281,618,17523
21,32,NV,Nevada,272,429,15323
21,25,MA,Massachusetts,263,421,18157
21,41,OR,Oregon,228,385,12076
21,34,NJ,New Jersey,228,394,13867
21,49,UT,Utah,222,421,15679
21,15,HI,Hawaii,163,353,8758
21,9,CT,Connecticut,138,235,8232
21,31,NE,Nebraska,131,256,8608
21,2,AK,Alaska,124,258,7079
21,35,NM,New Mexico,114,199,6425
21,30,MT,Montana,114,212,7243
21,23,ME,Maine,102,183,5797
21,16,ID,Idaho,101,219,6268
21,46,SD,South Dakota,91,166,4713
21,11,DC,District Of Columbia,88,110,6541
21,56,WY,Wyoming,58,117,2861
21,33,NH,New Hampshire,58,112,4989
21,10,DE,Delaware,55,89,3624
21,38,ND,North Dakota,53,106,2764
21,44,RI,Rhode Island,44,66,2214
21,50,VT,Vermont,35,60,2467
22,96,LA,LA Total Migration-US and Foreign,49749,93697,2914338
22,97,LA,LA Total Migration-US,49348,92855,2891054
22,98,LA,LA Total Migration-Foreign,401,842,23284
22,97,LA,LA Total Migration-Same State,71054,135716,3244091
22,22,LA,LA Non-migrants,1515891,3121685,100623060
22,48,TX,Texas,16123,31207,818551
22,28,MS,Mississippi,3825,7330,215356
22,12,FL,Florida,3733,6808,316694
22,13,GA,Georgia,2254,4532,111106
22,6,CA,California,2162,3581,146505
22,5,AR,Arkansas,1486,2990,76259
22,47,TN,Tennessee,1435,2632,93837
22,1,AL,Alabama,1431,2834,118777
22,37,NC,North Carolina,1395,2624,85967
22,8,CO,Colorado,1370,2322,78828
22,51,VA,Virginia,1058,2064,66842
22,36,NY,New York,952,1556,67239
22,17,IL,Illinois,746,1320,37353
22,53,WA,Washington,740,1331,38733
22,40,OK,Oklahoma,731,1497,31280
22,29,MO,Missouri,710,1356,36820
22,42,PA,Pennsylvania,670,1238,49923
22,39,OH,Ohio,615,1164,34949
22,4,AZ,Arizona,608,1062,38035
22,45,SC,South Carolina,589,1129,39896
22,26,MI,Michigan,532,974,26252
22,24,MD,Maryland,482,807,29226
22,18,IN,Indiana,451,882,23703
22,34,NJ,New Jersey,419,781,32003
22,57,FR,Foreign,401,842,23284
22,32,NV,Nevada,401,703,18663
22,21,KY,Kentucky,363,731,27527
22,20,KS,Kansas,356,743,18882
22,25,MA,Massachusetts,335,532,22827
22,41,OR,Oregon,334,516,16747
22,19,IA,Iowa,271,439,11920
22,55,WI,Wisconsin,267,500,12410
22,35,NM,New Mexico,258,462,16615
22,27,MN,Minnesota,227,404,9484
22,49,UT,Utah,207,386,11665
22,15,HI,Hawaii,185,379,10122
22,31,NE,Nebraska,167,388,9947
22,2,AK,Alaska,165,340,9695
22,9,CT,Connecticut,161,272,10926
22,11,DC,District Of Columbia,147,175,8762
22,16,ID,Idaho,128,261,7480
22,54,WV,West Virginia,124,261,7064
22,30,MT,Montana,124,207,7471
22,38,ND,North Dakota,111,227,6474
22,23,ME,Maine,104,184,8300
22,56,WY,Wyoming,89,201,5210
22,46,SD,South Dakota,78,124,3741
22,33,NH,New Hampshire,74,126,4761
22,44,RI,Rhode Island,62,108,3940
22,10,DE,Delaware,48,82,2508
22,50,VT,Vermont,45,83,3776
23,96,ME,ME Total Migration-US and Foreign,14882,24371,1149427
23,97,ME,ME Total Migration-US,14814,24240,1145878
23,98,ME,ME Total Migration-Foreign,68,131,3550
23,97,ME,ME Total Migration-Same State,18684,29664,992324
23,23,ME,ME Non-migrants,529266,1001741,39123945
23,12,FL,Florida,2422,4177,308017
23,33,NH,New Hampshire,1846,2876,125337
23,25,MA,Massachusetts,1669,2302,130966
23,36,NY,New York,782,1143,57231
23,37,NC,North Carolina,644,1142,43332
23,48,TX,Texas,575,1098,37976
23,6,CA,California,572,843,40874
23,51,VA,Virginia,471,809,32821
23,9,CT,Connecticut,452,698,28502
23,42,PA,Pennsylvania,385,640,27637
23,45,SC,South Carolina,339,631,26272
23,4,AZ,Arizona,329,539,20352
23,50,VT,Vermont,317,442,16647
23,8,CO,Colorado,298,443,18060
23,13,GA,Georgia,277,505,17353
23,47,TN,Tennessee,254,454,15914
23,39,OH,Ohio,233,418,12973
23,53,WA,Washington,223,341,16108
23,24,MD,Maryland,196,311,13604
23,34,NJ,New Jersey,185,289,15702
23,44,RI,Rhode Island,175,272,9445
23,26,MI,Michigan,165,258,9639
23,27,MN,Minnesota,154,311,7640
23,17,IL,Illinois,151,249,10545
23,41,OR,Oregon,136,224,8427
23,29,MO,Missouri,104,213,6065
23,18,IN,Indiana,97,171,4922
23,49,UT,Utah,96,152,4705
23,21,KY,Kentucky,93,209,4146
23,55,WI,Wisconsin,87,144,6068
23,2,AK,Alaska,86,153,4644
23,1,AL,Alabama,85,180,4391
23,35,NM,New Mexico,71,102,5560
23,57,FR,Foreign,68,131,3550
23,32,NV,Nevada,68,99,4132
23,15,HI,Hawaii,66,118,4364
23,30,MT,Montana,63,103,2370
23,16,ID,Idaho,61,119,3729
23,40,OK,Oklahoma,61,121,3609
23,22,LA,Louisiana,60,109,2852
23,5,AR,Arkansas,59,119,3318
23,11,DC,District Of Columbia,58,72,7124
23,20,KS,Kansas,54,101,5414
23,19,IA,Iowa,46,82,2319
23,10,DE,Delaware,44,69,2196
23,54,WV,West Virginia,37,69,3174
23,46,SD,South Dakota,36,77,2383
23,38,ND,North Dakota,36,57,1405
23,28,MS,Mississippi,36,71,1761
23,31,NE,Nebraska,33,67,1184
23,56,WY,Wyoming,27,48,2668
24,96,MD,MD Total Migration-US and Foreign,96772,165915,8715286
24,97,MD,MD Total Migration-US,95688,163502,8608989
24,98,MD,MD Total Migration-Foreign,1084,2413,106297
24,97,MD,MD Total Migration-Same State,95934,168350,6435729
24,24,MD,MD Non-migrants,2241867,4417210,218390078
24,51,VA,Virginia,16006,26777,1172039
24,12,FL,Florida,10010,18037,1551641
24,42,PA,Pennsylvania,8793,14892,635393
24,11,DC,District Of Columbia,6978,10120,507553
24,37,NC,North Carolina,5374,9647,469061
24,48,TX,Texas,4843,9157,454323
24,6,CA,California,4418,7078,429691
24,10,DE,Delaware,4285,7449,419923
24,36,NY,New York,3896,5781,367255
24,13,GA,Georgia,3215,5911,241124
24,54,WV,West Virginia,2653,4874,166672
24,45,SC,South Carolina,2631,4834,279710
24,34,NJ,New Jersey,2464,4041,202995
24,8,CO,Colorado,1623,2631,146436
24,39,OH,Ohio,1520,2632,109165
24,25,MA,Massachusetts,1479,2216,133300
24,47,TN,Tennessee,1398,2414,124156
24,53,WA,Washington,1345,2193,116043
24,17,IL,Illinois,1202,1979,105775
24,57,FR,Foreign,1084,2413,106297
24,4,AZ,Arizona,1001,1740,87904
24,26,MI,Michigan,845,1407,70995
24,9,CT,Connecticut,683,1151,64069
24,18,IN,Indiana,647,1219,44425
24,1,AL,Alabama,639,1321,53729
24,29,MO,Missouri,544,936,40065
24,32,NV,Nevada,532,887,46675
24,15,HI,Hawaii,512,1071,46199
24,21,KY,Kentucky,461,870,29989
24,41,OR,Oregon,439,662,31199
24,55,WI,Wisconsin,438,727,32557
24,49,UT,Utah,425,836,46388
24,27,MN,Minnesota,423,744,35444
24,22,LA,Louisiana,399,738,29726
24,23,ME,Maine,358,622,37326
24,40,OK,Oklahoma,336,635,20430
24,33,NH,New Hampshire,317,580,49239
24,20,KS,Kansas,272,533,20487
24,19,IA,Iowa,262,443,14556
24,35,NM,New Mexico,261,452,27626
24,28,MS,Mississippi,233,406,17362
24,44,RI,Rhode Island,228,385,22793
24,5,AR,Arkansas,221,427,13244
24,50,VT,Vermont,195,339,17687
24,30,MT,Montana,177,337,15648
24,31,NE,Nebraska,151,271,11476
24,16,ID,Idaho,149,306,12381
24,2,AK,Alaska,143,270,9769
24,46,SD,South Dakota,126,233,14462
24,38,ND,North Dakota,77,158,4716
24,56,WY,Wyoming,61,133,8165
25,96,MA,MA Total Migration-US and Foreign,98989,154393,11581383
25,97,MA,MA Total Migration-US,98456,153487,11540397
25,98,MA,MA Total Migration-Foreign,533,906,40986
25,97,MA,MA Total Migration-Same State,106866,163850,10819536
25,25,MA,MA Non-migrants,2660273,5066625,314535057
25,12,FL,Florida,12866,22108,2314309
25,33,NH,New Hampshire,12465,20038,1592526
25,36,NY,New York,8483,11245,874817
25,6,CA,California,7267,10105,964177
25,44,RI,Rhode Island,6587,10010,548962
25,9,CT,Connecticut,6099,9475,483185
25,48,TX,Texas,4104,7025,450565
25,23,ME,Maine,4050,6287,523858
25,37,NC,North Carolina,3486,6110,361096
25,42,PA,Pennsylvania,2984,4552,302731
25,34,NJ,New Jersey,2590,3880,295821
25,51,VA,Virginia,2383,3832,219856
25,13,GA,Georgia,2109,3624,199387
25,8,CO,Colorado,1924,2619,186856
25,53,WA,Washington,1912,2766,220066
25,45,SC,South Carolina,1815,3344,217051
25,17,IL,Illinois,1711,2323,170636
25,50,VT,Vermont,1708,2628,187666
25,24,MD,Maryland,1558,2290,140593
25,39,OH,Ohio,1244,2016,94164
25,4,AZ,Arizona,1206,1925,127150
25,47,TN,Tennessee,1073,1766,90927
25,11,DC,District Of Columbia,985,1143,186795
25,26,MI,Michigan,808,1280,75309
25,41,OR,Oregon,636,935,58451
25,27,MN,Minnesota,598,915,56862
25,57,FR,Foreign,533,906,40986
25,18,IN,Indiana,521,877,40045
25,32,NV,Nevada,475,692,78389
25,55,WI,Wisconsin,448,687,62230
25,29,MO,Missouri,447,715,37837
25,49,UT,Utah,441,738,99630
25,1,AL,Alabama,319,556,24335
25,21,KY,Kentucky,317,559,19872
25,35,NM,New Mexico,280,397,20471
25,15,HI,Hawaii,272,389,25845
25,22,LA,Louisiana,257,387,15519
25,10,DE,Delaware,230,370,23483
25,40,OK,Oklahoma,218,362,14303
25,19,IA,Iowa,215,336,14019
25,20,KS,Kansas,188,325,17953
25,5,AR,Arkansas,180,280,10542
25,30,MT,Montana,168,255,24779
25,16,ID,Idaho,134,228,14510
25,31,NE,Nebraska,122,200,8280
25,2,AK,Alaska,121,181,7051
25,28,MS,Mississippi,115,211,7264
25,54,WV,West Virginia,108,170,6669
25,46,SD,South Dakota,95,156,7667
25,56,WY,Wyoming,81,100,13702
25,38,ND,North Dakota,53,75,2188
26,96,MI,MI Total Migration-US and Foreign,77328,130742,6517987
26,97,MI,MI Total Migration-US,77015,130163,6501010
26,98,MI,MI Total Migration-Foreign,313,579,16977
26,97,MI,MI Total Migration-Same State,160756,271802,9174557
26,26,MI,MI Non-migrants,3747683,7421139,285328424
26,12,FL,Florida,12005,21018,1890993
26,48,TX,Texas,5660,10474,458525
26,39,OH,Ohio,5534,9330,328974
26,6,CA,California,5071,7846,494075
26,18,IN,Indiana,4549,7915,243117
26,17,IL,Illinois,4535,6602,333669
26,47,TN,Tennessee,2904,5334,199050
26,4,AZ,Arizona,2880,4964,237437
26,37,NC,North Carolina,2835,5111,223805
26,13,GA,Georgia,2745,5131,169796
26,55,WI,Wisconsin,2508,4070,141996
26,8,CO,Colorado,2158,3205,151549
26,36,NY,New York,2077,3039,155473
26,51,VA,Virginia,1667,2824,106351
26,53,WA,Washington,1550,2376,125223
26,45,SC,South Carolina,1519,2913,129030
26,42,PA,Pennsylvania,1410,2363,100857
26,21,KY,Kentucky,1254,2269,66225
26,27,MN,Minnesota,1033,1661,68277
26,29,MO,Missouri,989,1710,59355
26,1,AL,Alabama,988,1879,57650
26,25,MA,Massachusetts,956,1312,78789
26,32,NV,Nevada,884,1410,59571
26,24,MD,Maryland,865,1363,59518
26,41,OR,Oregon,660,980,39506
26,34,NJ,New Jersey,654,1050,50336
26,19,IA,Iowa,579,983,28314
26,49,UT,Utah,554,916,54347
26,5,AR,Arkansas,481,866,24314
26,40,OK,Oklahoma,461,854,24583
26,22,LA,Louisiana,452,780,25235
26,28,MS,Mississippi,387,734,23594
26,20,KS,Kansas,385,667,23733
26,11,DC,District Of Columbia,374,456,27262
26,9,CT,Connecticut,353,550,24670
26,35,NM,New Mexico,344,571,40709
26,57,FR,Foreign,313,579,16977
26,30,MT,Montana,300,422,17713
26,54,WV,West Virginia,273,457,12180
26,15,HI,Hawaii,267,432,17163
26,16,ID,Idaho,253,486,18199
26,2,AK,Alaska,241,410,13291
26,31,NE,Nebraska,215,361,13740
26,46,SD,South Dakota,193,357,11672
26,38,ND,North Dakota,193,344,10703
26,23,ME,Maine,188,280,15817
26,56,WY,Wyoming,163,294,9069
26,33,NH,New Hampshire,160,256,10426
26,50,VT,Vermont,114,184,8749
26,10,DE,Delaware,99,176,6262
26,44,RI,Rhode Island,96,178,10115
27,96,MN,MN Total Migration-US and Foreign,58437,98779,5022370
27,97,MN,MN Total Migration-US,58258,98417,5010933
27,98,MN,MN Total Migration-Foreign,179,362,11437
27,97,MN,MN Total Migration-Same State,125661,213782,7902598
27,27,MN,MN Non-migrants,2165745,4411224,199908006
27,55,WI,Wisconsin,8507,13922,639478
27,12,FL,Florida,5290,9741,940559
27,48,TX,Texas,4241,8097,376942
27,38,ND,North Dakota,3634,5694,201094
27,6,CA,California,3430,5255,312636
27,4,AZ,Arizona,3287,5655,353502
27,19,IA,Iowa,2435,4119,145678
27,8,CO,Colorado,2337,3533,185950
27,17,IL,Illinois,2205,3443,158807
27,46,SD,South Dakota,2079,3579,143623
27,53,WA,Washington,1554,2388,127803
27,37,NC,North Carolina,1292,2452,113928
27,36,NY,New York,1165,1561,74272
27,26,MI,Michigan,1134,1956,86272
27,13,GA,Georgia,1102,2048,82794
27,47,TN,Tennessee,981,1835,58182
27,29,MO,Missouri,920,1582,62408
27,41,OR,Oregon,873,1264,54915
27,39,OH,Ohio,850,1487,61041
27,51,VA,Virginia,811,1332,66213
27,42,PA,Pennsylvania,690,1123,54707
27,18,IN,Indiana,689,1215,42269
27,32,NV,Nevada,630,1038,47949
27,25,MA,Massachusetts,626,914,50256
27,31,NE,Nebraska,570,1018,39046
27,30,MT,Montana,555,942,41449
27,45,SC,South Carolina,545,1072,48867
27,40,OK,Oklahoma,534,1127,33420
27,49,UT,Utah,508,936,45744
27,34,NJ,New Jersey,460,667,43039
27,20,KS,Kansas,444,826,33531
27,24,MD,Maryland,402,661,34202
27,5,AR,Arkansas,335,644,25012
27,21,KY,Kentucky,314,585,20722
27,35,NM,New Mexico,306,478,21818
27,16,ID,Idaho,297,552,21030
27,1,AL,Alabama,256,474,19961
27,2,AK,Alaska,244,404,15535
27,15,HI,Hawaii,231,366,14266
27,22,LA,Louisiana,214,359,10673
27,9,CT,Connecticut,213,344,20439
27,56,WY,Wyoming,193,360,19247
27,11,DC,District Of Columbia,186,219,12696
27,57,FR,Foreign,179,362,11437
27,28,MS,Mississippi,174,301,7446
27,23,ME,Maine,138,235,11722
27,33,NH,New Hampshire,114,184,9425
27,50,VT,Vermont,90,140,5802
27,44,RI,Rhode Island,59,85,7037
27,54,WV,West Virginia,58,94,3656
27,10,DE,Delaware,56,111,3867
28,96,MS,MS Total Migration-US and Foreign,32498,60937,1617365
28,97,MS,MS Total Migration-US,32166,60295,1600818
28,98,MS,MS Total Migration-Foreign,332,642,16548
28,97,MS,MS Total Migration-Same State,41856,82161,1775415
28,28,MS,MS Non-migrants,966042,2030108,57626943
28,47,TN,Tennessee,5167,9498,235408
28,48,TX,Texas,4716,8999,205344
28,1,AL,Alabama,3101,5903,168646
28,22,LA,Louisiana,3026,5582,135014
28,12,FL,Florida,2483,4761,173755
28,13,GA,Georgia,1895,3596,91817
28,5,AR,Arkansas,1056,2012,51540
28,6,CA,California,1019,1839,55566
28,37,NC,North Carolina,717,1361,53742
28,51,VA,Virginia,696,1327,38004
28,17,IL,Illinois,654,1159,26469
28,29,MO,Missouri,552,1077,24483
28,8,CO,Colorado,533,935,25857
28,45,SC,South Carolina,481,948,30411
28,39,OH,Ohio,403,790,19537
28,18,IN,Indiana,402,805,16478
28,40,OK,Oklahoma,386,751,18042
28,26,MI,Michigan,364,668,16287
28,4,AZ,Arizona,352,641,15693
28,21,KY,Kentucky,347,665,16369
28,53,WA,Washington,339,605,17348
28,57,FR,Foreign,332,642,16548
28,36,NY,New York,291,466,12172
28,55,WI,Wisconsin,258,534,10143
28,42,PA,Pennsylvania,256,469,14492
28,24,MD,Maryland,255,470,14245
28,19,IA,Iowa,247,450,7874
28,20,KS,Kansas,212,399,9568
28,32,NV,Nevada,198,376,7775
28,35,NM,New Mexico,162,288,8617
28,27,MN,Minnesota,156,301,5371
28,49,UT,Utah,125,231,5257
28,41,OR,Oregon,123,203,5682
28,34,NJ,New Jersey,122,203,6391
28,31,NE,Nebraska,115,227,4873
28,25,MA,Massachusetts,114,165,5660
28,15,HI,Hawaii,94,193,4894
28,2,AK,Alaska,93,178,5985
28,30,MT,Montana,80,140,4380
28,54,WV,West Virginia,72,140,4242
28,9,CT,Connecticut,71,124,3533
28,16,ID,Idaho,69,148,3264
28,38,ND,North Dakota,63,131,3354
28,46,SD,South Dakota,51,107,3010
28,23,ME,Maine,47,79,2623
28,56,WY,Wyoming,46,87,2288
28,11,DC,District Of Columbia,45,64,2771
28,33,NH,New Hampshire,34,65,2715
28,10,DE,Delaware,32,56,1814
28,44,RI,Rhode Island,28,53,1079
28,50,VT,Vermont,18,26,934
29,96,MO,MO Total Migration-US and Foreign,69596,122638,4864400
29,97,MO,MO Total Migration-US,69144,121675,4839653
29,98,MO,MO Total Migration-Foreign,452,963,24746
29,97,MO,MO Total Migration-Same State,108664,195405,5399080
29,29,MO,MO Non-migrants,2171998,4423892,163873234
29,20,KS,Kansas,10836,18007,706728
29,17,IL,Illinois,7148,11649,395647
29,48,TX,Texas,6441,12183,512117
29,12,FL,Florida,5601,10220,689257
29,5,AR,Arkansas,3145,5843,149771
29,6,CA,California,3132,5008,212456
29,8,CO,Colorado,2552,4148,192332
29,40,OK,Oklahoma,1959,3694,90396
29,19,IA,Iowa,1873,3237,93793
29,4,AZ,Arizona,1861,3321,125236
29,13,GA,Georgia,1761,3423,116370
29,47,TN,Tennessee,1749,3105,106923
29,37,NC,North Carolina,1592,2968,114734
29,53,WA,Washington,1278,2147,90358
29,18,IN,Indiana,1147,2169,64809
29,39,OH,Ohio,1134,2092,75296
29,51,VA,Virginia,1080,2014,77563
29,36,NY,New York,1040,1651,80538
29,26,MI,Michigan,978,1785,64694
29,31,NE,Nebraska,937,1628,56136
29,27,MN,Minnesota,871,1575,58265
29,55,WI,Wisconsin,856,1446,52974
29,45,SC,South Carolina,850,1576,70281
29,21,KY,Kentucky,792,1511,43461
29,42,PA,Pennsylvania,782,1377,52724
29,1,AL,Alabama,741,1457,45607
29,32,NV,Nevada,660,1203,54030
29,41,OR,Oregon,626,975,32283
29,22,LA,Louisiana,567,1015,30895
29,49,UT,Utah,521,1015,34465
29,24,MD,Maryland,510,875,46077
29,28,MS,Mississippi,503,952,24824
29,57,FR,Foreign,452,963,24746
29,25,MA,Massachusetts,445,708,49985
29,35,NM,New Mexico,376,669,23439
29,34,NJ,New Jersey,341,574,42694
29,46,SD,South Dakota,292,539,17135
29,15,HI,Hawaii,284,587,17877
29,16,ID,Idaho,251,451,12620
29,30,MT,Montana,217,399,15211
29,2,AK,Alaska,212,424,10089
29,9,CT,Connecticut,206,369,20781
29,11,DC,District Of Columbia,172,205,11270
29,56,WY,Wyoming,169,323,16654
29,38,ND,North Dakota,142,267,6515
29,54,WV,West Virginia,113,188,6769
29,33,NH,New Hampshire,103,165,10012
29,23,ME,Maine,101,185,5338
29,10,DE,Delaware,71,131,3015
29,44,RI,Rhode Island,65,116,5465
29,50,VT,Vermont,61,106,3744
30,96,MT,MT Total Migration-US and Foreign,16341,28181,1040233
30,97,MT,MT Total Migration-US,16247,27976,1034832
30,98,MT,MT Total Migration-Foreign,94,205,5401
30,97,MT,MT Total Migration-Same State,13546,23139,704677
30,30,MT,MT Non-migrants,408838,804032,31157992
30,53,WA,Washington,1629,2705,100047
30,6,CA,California,1136,1750,64196
30,4,AZ,Arizona,1069,1842,114459
30,16,ID,Idaho,1007,1707,54884
30,8,CO,Colorado,926,1413,59363
30,48,TX,Texas,920,1751,61120
30,41,OR,Oregon,848,1309,39573
30,12,FL,Florida,686,1217,52334
30,56,WY,Wyoming,615,1143,39065
30,38,ND,North Dakota,580,1124,30711
30,49,UT,Utah,504,911,27861
30,32,NV,Nevada,460,763,42165
30,27,MN,Minnesota,415,657,22248
30,37,NC,North Carolina,314,550,17384
30,46,SD,South Dakota,263,449,16018
30,47,TN,Tennessee,247,455,17761
30,55,WI,Wisconsin,244,417,13588
30,29,MO,Missouri,241,475,12871
30,26,MI,Michigan,235,383,14348
30,13,GA,Georgia,229,404,13072
30,36,NY,New York,228,355,13331
30,35,NM,New Mexico,226,392,13204
30,2,AK,Alaska,222,402,12959
30,51,VA,Virginia,221,388,16829
30,17,IL,Illinois,202,328,10984
30,42,PA,Pennsylvania,198,332,10602
30,39,OH,Ohio,194,354,10708
30,40,OK,Oklahoma,178,325,8547
30,45,SC,South Carolina,165,335,9320
30,19,IA,Iowa,156,256,7050
30,20,KS,Kansas,149,277,8508
30,18,IN,Indiana,145,264,12802
30,31,NE,Nebraska,124,249,6203
30,5,AR,Arkansas,121,249,5698
30,25,MA,Massachusetts,119,177,7002
30,21,KY,Kentucky,119,236,7135
30,23,ME,Maine,106,192,5707
30,22,LA,Louisiana,102,214,6663
30,15,HI,Hawaii,100,171,6392
30,1,AL,Alabama,99,196,4612
30,24,MD,Maryland,96,176,5534
30,57,FR,Foreign,94,205,5401
30,34,NJ,New Jersey,67,111,4156
30,50,VT,Vermont,60,90,3033
30,28,MS,Mississippi,58,117,3344
30,33,NH,New Hampshire,53,93,5092
30,9,CT,Connecticut,51,90,9894
30,54,WV,West Virginia,47,73,2401
30,44,RI,Rhode Island,29,42,1087
30,11,DC,District Of Columbia,27,40,2100
30,10,DE,Delaware,17,27,867
31,96,NE,NE Total Migration-US and Foreign,23761,43236,1533502
31,97,NE,NE Total Migration-US,23532,42700,1519328
31,98,NE,NE Total Migration-Foreign,229,536,14174
31,97,NE,NE Total Migration-Same State,27668,49354,1485499
31,31,NE,NE Non-migrants,721456,1529615,58935966
31,19,IA,Iowa,3332,5918,168268
31,48,TX,Texas,2112,4082,158286
31,8,CO,Colorado,1758,2847,131000
31,12,FL,Florida,1522,2859,130720
31,20,KS,Kansas,1201,2229,71732
31,6,CA,California,1158,1999,68409
31,29,MO,Missouri,1145,2186,78219
31,4,AZ,Arizona,1079,1915,81820
31,46,SD,South Dakota,996,1716,57529
31,27,MN,Minnesota,745,1373,40833
31,17,IL,Illinois,621,989,37133
31,53,WA,Washington,479,800,32431
31,37,NC,North Carolina,434,820,28579
31,13,GA,Georgia,404,794,24845
31,40,OK,Oklahoma,403,769,19843
31,47,TN,Tennessee,383,725,26315
31,56,WY,Wyoming,375,673,20370
31,51,VA,Virginia,359,757,27922
31,39,OH,Ohio,330,607,18846
31,36,NY,New York,289,472,15809
31,49,UT,Utah,288,612,18202
31,5,AR,Arkansas,285,562,16521
31,41,OR,Oregon,280,454,16757
31,32,NV,Nevada,279,490,18541
31,55,WI,Wisconsin,277,475,15810
31,26,MI,Michigan,264,543,20562
31,18,IN,Indiana,256,495,18910
31,57,FR,Foreign,229,536,14174
31,42,PA,Pennsylvania,215,411,14242
31,35,NM,New Mexico,192,364,10051
31,45,SC,South Carolina,188,349,12680
31,24,MD,Maryland,176,316,11118
31,16,ID,Idaho,174,330,10841
31,1,AL,Alabama,164,342,9804
31,22,LA,Louisiana,153,280,9318
31,30,MT,Montana,152,291,8821
31,38,ND,North Dakota,139,239,7201
31,21,KY,Kentucky,137,245,7715
31,25,MA,Massachusetts,132,186,8373
31,28,MS,Mississippi,110,195,5659
31,34,NJ,New Jersey,103,186,7495
31,15,HI,Hawaii,71,144,4392
31,2,AK,Alaska,69,134,4144
31,9,CT,Connecticut,67,113,5814
31,33,NH,New Hampshire,49,81,4017
31,23,ME,Maine,47,96,2215
31,11,DC,District Of Columbia,42,56,3588
31,54,WV,West Virginia,37,62,2884
31,10,DE,Delaware,24,48,1652
31,50,VT,Vermont,19,41,1573
31,44,RI,Rhode Island,18,30,1520
32,96,NV,NV Total Migration-US and Foreign,61673,109167,4235031
32,97,NV,NV Total Migration-US,61145,108083,4196232
32,98,NV,NV Total Migration-Foreign,528,1084,38798
32,97,NV,NV Total Migration-Same State,11419,19609,685759
32,32,NV,NV Non-migrants,1189363,2286178,94445778
32,6,CA,California,14682,24354,803395
32,48,TX,Texas,5228,10006,428691
32,4,AZ,Arizona,4490,7797,290614
32,12,FL,Florida,4310,7457,453486
32,49,UT,Utah,2901,5965,234612
32,53,WA,Washington,2744,4686,182727
32,8,CO,Colorado,2063,3503,128973
32,41,OR,Oregon,1785,2873,107680
32,16,ID,Idaho,1430,2749,109034
32,17,IL,Illinois,1292,2207,79265
32,47,TN,Tennessee,1201,2237,129226
32,13,GA,Georgia,1132,2126,64701
32,39,OH,Ohio,1041,1877,64753
32,37,NC,North Carolina,1016,1912,69921
32,36,NY,New York,992,1502,66186
32,26,MI,Michigan,943,1671,67570
32,51,VA,Virginia,924,1767,60784
32,29,MO,Missouri,886,1676,53577
32,15,HI,Hawaii,804,1436,30934
32,35,NM,New Mexico,723,1322,45685
32,42,PA,Pennsylvania,718,1187,44501
32,40,OK,Oklahoma,697,1387,40998
32,18,IN,Indiana,658,1204,34115
32,30,MT,Montana,631,1109,36859
32,27,MN,Minnesota,615,1111,44112
32,45,SC,South Carolina,589,1141,49694
32,55,WI,Wisconsin,565,956,32068
32,57,FR,Foreign,528,1084,38798
32,34,NJ,New Jersey,457,715,32738
32,20,KS,Kansas,434,840,25191
32,5,AR,Arkansas,429,847,25025
32,24,MD,Maryland,410,678,22908
32,19,IA,Iowa,381,703,23060
32,1,AL,Alabama,375,762,23738
32,22,LA,Louisiana,374,670,25383
32,2,AK,Alaska,366,687,20412
32,25,MA,Massachusetts,350,525,32847
32,21,KY,Kentucky,320,613,17168
32,31,NE,Nebraska,317,583,72397
32,56,WY,Wyoming,315,559,19467
32,46,SD,South Dakota,304,572,22492
32,28,MS,Mississippi,233,449,11588
32,9,CT,Connecticut,201,313,10385
32,38,ND,North Dakota,190,323,8605
32,33,NH,New Hampshire,129,214,11104
32,23,ME,Maine,129,213,9287
32,11,DC,District Of Columbia,92,128,9080
32,54,WV,West Virginia,84,136,4480
32,10,DE,Delaware,82,148,6123
32,44,RI,Rhode Island,66,102,4501
32,50,VT,Vermont,47,85,4095
33,96,NH,NH Total Migration-US and Foreign,23425,37585,1919429
33,97,NH,NH Total Migration-US,23331,37407,1914736
33,98,NH,NH Total Migration-Foreign,94,178,4694
33,97,NH,NH Total Migration-Same State,17044,27204,1234156
33,33,NH,NH Non-migrants,553602,1054687,53855466
33,25,MA,Massachusetts,5938,8542,466638
33,12,FL,Florida,3032,5277,310570
33,23,ME,Maine,2730,4316,193895
33,50,VT,Vermont,1362,2143,82505
33,36,NY,New York,962,1435,78516
33,37,NC,North Carolina,883,1610,68277
33,48,TX,Texas,771,1398,78351
33,6,CA,California,677,1012,73312
33,9,CT,Connecticut,541,841,45329
33,45,SC,South Carolina,536,1021,45984
33,42,PA,Pennsylvania,476,815,37160
33,51,VA,Virginia,475,824,36189
33,8,CO,Colorado,407,597,32808
33,13,GA,Georgia,359,693,25366
33,4,AZ,Arizona,343,565,29302
33,44,RI,Rhode Island,290,425,26183
33,39,OH,Ohio,287,516,22288
33,47,TN,Tennessee,286,492,21848
33,34,NJ,New Jersey,263,408,31382
33,53,WA,Washington,251,371,18692
33,24,MD,Maryland,192,322,15820
33,17,IL,Illinois,171,267,15359
33,26,MI,Michigan,158,293,12950
33,41,OR,Oregon,154,210,9967
33,32,NV,Nevada,133,209,11361
33,49,UT,Utah,131,218,11804
33,18,IN,Indiana,113,206,9064
33,55,WI,Wisconsin,106,184,6668
33,1,AL,Alabama,103,188,8144
33,21,KY,Kentucky,99,195,6053
33,29,MO,Missouri,97,161,6692
33,57,FR,Foreign,94,178,4694
33,15,HI,Hawaii,85,135,9197
33,27,MN,Minnesota,82,132,7051
33,19,IA,Iowa,80,136,4253
33,11,DC,District Of Columbia,80,99,5293
33,35,NM,New Mexico,69,111,5099
33,40,OK,Oklahoma,63,108,3314
33,30,MT,Montana,62,101,4048
33,16,ID,Idaho,62,107,7583
33,10,DE,Delaware,61,99,6059
33,22,LA,Louisiana,59,90,2546
33,2,AK,Alaska,46,67,4182
33,54,WV,West Virginia,42,61,1737
33,5,AR,Arkansas,41,79,3354
33,20,KS,Kansas,39,71,2720
33,56,WY,Wyoming,33,51,2555
33,28,MS,Mississippi,33,64,2215
33,31,NE,Nebraska,29,61,2128
33,46,SD,South Dakota,23,38,1863
33,38,ND,North Dakota,16,43,1064
34,96,NJ,NJ Total Migration-US and Foreign,123069,210807,15041368
34,97,NJ,NJ Total Migration-US,122296,209390,14998071
34,98,NJ,NJ Total Migration-Foreign,773,1417,43297
34,97,NJ,NJ Total Migration-Same State,135714,233715,12418876
34,34,NJ,NJ Non-migrants,3423469,6878733,362745568
34,36,NY,New York,22701,34120,2489693
34,12,FL,Florida,21705,39962,4441221
34,42,PA,Pennsylvania,18092,30092,1706471
34,37,NC,North Carolina,6447,12238,620312
34,6,CA,California,6059,9402,761962
34,48,TX,Texas,5870,11706,702412
34,51,VA,Virginia,3938,6744,352135
34,13,GA,Georgia,3817,7409,310370
34,45,SC,South Carolina,3753,7203,427349
34,24,MD,Maryland,2934,4976,272502
34,25,MA,Massachusetts,2921,4550,413503
34,10,DE,Delaware,2545,4476,231444
34,9,CT,Connecticut,2293,3913,310279
34,8,CO,Colorado,1604,2462,195907
34,47,TN,Tennessee,1486,2755,156264
34,39,OH,Ohio,1452,2578,123560
34,17,IL,Illinois,1436,2417,161861
34,4,AZ,Arizona,1410,2415,170270
34,53,WA,Washington,1404,2209,182256
34,26,MI,Michigan,842,1489,74918
34,57,FR,Foreign,773,1417,43297
34,32,NV,Nevada,755,1200,47883
34,18,IN,Indiana,712,1325,51608
34,11,DC,District Of Columbia,621,757,57621
34,33,NH,New Hampshire,521,843,80735
34,23,ME,Maine,508,850,61018
34,29,MO,Missouri,476,813,38877
34,50,VT,Vermont,454,783,67425
34,44,RI,Rhode Island,424,664,38003
34,21,KY,Kentucky,409,752,30646
34,1,AL,Alabama,395,777,27266
34,41,OR,Oregon,389,595,30770
34,55,WI,Wisconsin,385,637,33176
34,27,MN,Minnesota,371,640,41694
34,49,UT,Utah,325,596,48861
34,22,LA,Louisiana,304,533,29059
34,40,OK,Oklahoma,272,513,19924
34,54,WV,West Virginia,269,471,23820
34,15,HI,Hawaii,261,448,20811
34,5,AR,Arkansas,224,442,19726
34,19,IA,Iowa,221,373,14602
34,20,KS,Kansas,217,408,16709
34,35,NM,New Mexico,214,354,18205
34,28,MS,Mississippi,140,249,8801
34,31,NE,Nebraska,132,251,8563
34,30,MT,Montana,123,185,11276
34,2,AK,Alaska,108,194,6204
34,16,ID,Idaho,106,177,8687
34,46,SD,South Dakota,103,191,10219
34,38,ND,North Dakota,87,152,3668
34,56,WY,Wyoming,61,101,17524
35,96,NM,NM Total Migration-US and Foreign,31745,58883,1991567
35,97,NM,NM Total Migration-US,31248,57817,1962218
35,98,NM,NM Total Migration-Foreign,497,1066,29348
35,97,NM,NM Total Migration-Same State,20545,36711,959833
35,35,NM,NM Non-migrants,742191,1459426,46570883
35,48,TX,Texas,7859,15667,480077
35,4,AZ,Arizona,3469,6344,192833
35,8,CO,Colorado,2560,4287,161509
35,6,CA,California,2333,3922,141370
35,12,FL,Florida,1635,3007,116774
35,53,WA,Washington,853,1418,58466
35,40,OK,Oklahoma,758,1521,42377
35,32,NV,Nevada,743,1328,42934
35,51,VA,Virginia,609,1240,46960
35,37,NC,North Carolina,588,1081,42215
35,49,UT,Utah,542,1205,44162
35,41,OR,Oregon,529,871,34102
35,57,FR,Foreign,497,1066,29348
35,47,TN,Tennessee,472,911,39007
35,13,GA,Georgia,464,877,29357
35,36,NY,New York,447,678,26279
35,29,MO,Missouri,437,823,25392
35,39,OH,Ohio,434,782,22862
35,17,IL,Illinois,434,723,30720
35,42,PA,Pennsylvania,365,617,25813
35,20,KS,Kansas,349,650,18625
35,26,MI,Michigan,315,528,15362
35,16,ID,Idaho,301,716,21103
35,24,MD,Maryland,298,571,21192
35,45,SC,South Carolina,294,535,18702
35,55,WI,Wisconsin,292,486,19410
35,5,AR,Arkansas,262,488,13738
35,27,MN,Minnesota,259,436,17381
35,18,IN,Indiana,257,475,14554
35,22,LA,Louisiana,244,474,14357
35,30,MT,Montana,227,373,13493
35,1,AL,Alabama,225,454,14986
35,25,MA,Massachusetts,203,322,20048
35,56,WY,Wyoming,200,385,12668
35,19,IA,Iowa,189,348,10719
35,46,SD,South Dakota,175,325,11818
35,31,NE,Nebraska,174,348,8714
35,2,AK,Alaska,168,344,11902
35,21,KY,Kentucky,158,306,8544
35,15,HI,Hawaii,148,245,8147
35,34,NJ,New Jersey,141,238,8535
35,38,ND,North Dakota,138,301,7522
35,28,MS,Mississippi,133,248,7887
35,23,ME,Maine,103,179,8228
35,9,CT,Connecticut,97,142,5952
35,11,DC,District Of Columbia,81,104,6474
35,54,WV,West Virginia,75,138,4475
35,33,NH,New Hampshire,61,97,4415
35,50,VT,Vermont,55,88,4147
35,10,DE,Delaware,53,108,3500
35,44,RI,Rhode Island,42,63,2412
36,96,NY,NY Total Migration-US and Foreign,294479,489117,38185548
36,97,NY,NY Total Migration-US,292795,486344,38079284
36,98,NY,NY Total Migration-Foreign,1684,2773,106264
36,97,NY,NY Total Migration-Same State,277645,450589,26811773
36,36,NY,NY Non-migrants,7680835,14459075,748042629
36,34,NJ,New Jersey,49740,85650,5808235
36,12,FL,Florida,49277,84365,11000837
36,42,PA,Pennsylvania,21723,37343,1714276
36,6,CA,California,20299,27731,2598297
36,9,CT,Connecticut,19630,35200,4013275
36,37,NC,North Carolina,14854,26461,1223713
36,48,TX,Texas,13753,23386,1632279
36,25,MA,Massachusetts,10739,15000,1205589
36,13,GA,Georgia,9917,17323,754696
36,51,VA,Virginia,8658,14198,770218
36,45,SC,South Carolina,7594,14038,722394
36,24,MD,Maryland,6045,9417,606307
36,39,OH,Ohio,4726,8079,326527
36,8,CO,Colorado,4515,6352,603818
36,17,IL,Illinois,4343,6275,540415
36,47,TN,Tennessee,4187,7441,368006
36,53,WA,Washington,3930,5633,452930
36,4,AZ,Arizona,3550,5556,384574
36,26,MI,Michigan,3079,5271,256164
36,11,DC,District Of Columbia,2120,2633,266063
36,18,IN,Indiana,1995,3628,142754
36,50,VT,Vermont,1964,3010,218278
36,10,DE,Delaware,1933,3378,177251
36,44,RI,Rhode Island,1847,2807,216027
36,32,NV,Nevada,1766,2656,183704
36,33,NH,New Hampshire,1689,2618,229294
36,57,FR,Foreign,1684,2773,106264
36,23,ME,Maine,1656,2526,156460
36,41,OR,Oregon,1489,2035,118985
36,27,MN,Minnesota,1433,2239,126468
36,29,MO,Missouri,1387,2279,137316
36,21,KY,Kentucky,1262,2363,73736
36,1,AL,Alabama,1192,2190,99556
36,55,WI,Wisconsin,1141,1748,104265
36,22,LA,Louisiana,1055,1701,77390
36,49,UT,Utah,1044,1701,134117
36,15,HI,Hawaii,863,1443,71675
36,40,OK,Oklahoma,835,1465,53589
36,35,NM,New Mexico,725,1045,74287
36,20,KS,Kansas,704,1257,48281
36,19,IA,Iowa,590,906,38974
36,5,AR,Arkansas,528,912,36110
36,54,WV,West Virginia,476,854,30370
36,28,MS,Mississippi,431,772,30408
36,30,MT,Montana,411,606,51721
36,16,ID,Idaho,368,657,45365
36,31,NE,Nebraska,367,641,22512
36,2,AK,Alaska,322,525,16193
36,56,WY,Wyoming,251,363,76726
36,46,SD,South Dakota,231,409,28717
36,38,ND,North Dakota,161,258,10141
37,96,NC,NC Total Migration-US and Foreign,127683,233393,8756280
37,97,NC,NC Total Migration-US,125985,229445,8655148
37,98,NC,NC Total Migration-Foreign,1698,3948,101132
37,97,NC,NC Total Migration-Same State,183502,335039,10620251
37,37,NC,NC Non-migrants,3619067,7392577,283115824
37,45,SC,South Carolina,18215,34257,1390632
37,12,FL,Florida,15083,27717,1285389
37,51,VA,Virginia,11862,21874,737836
37,13,GA,Georgia,8191,15224,494760
37,48,TX,Texas,7682,14854,539315
37,6,CA,California,5970,10280,425927
37,36,NY,New York,5629,9149,346648
37,47,TN,Tennessee,5111,9454,330471
37,42,PA,Pennsylvania,4012,6927,244272
37,39,OH,Ohio,3392,5967,194885
37,24,MD,Maryland,3104,5418,205734
37,8,CO,Colorado,2943,5043,204751
37,34,NJ,New Jersey,2295,3876,140552
37,17,IL,Illinois,2133,3587,134534
37,53,WA,Washington,2122,3843,147225
37,26,MI,Michigan,2031,3567,118405
37,4,AZ,Arizona,1887,3487,127863
37,25,MA,Massachusetts,1871,2948,145535
37,1,AL,Alabama,1782,3685,116597
37,57,FR,Foreign,1698,3948,101132
37,18,IN,Indiana,1566,2921,97170
37,21,KY,Kentucky,1475,2929,97462
37,29,MO,Missouri,1249,2408,74175
37,54,WV,West Virginia,1043,1912,47451
37,9,CT,Connecticut,1001,1648,64894
37,55,WI,Wisconsin,938,1715,64886
37,22,LA,Louisiana,884,1618,48173
37,27,MN,Minnesota,813,1447,55341
37,41,OR,Oregon,783,1237,62902
37,11,DC,District Of Columbia,781,985,67462
37,40,OK,Oklahoma,775,1638,39971
37,32,NV,Nevada,770,1324,61776
37,49,UT,Utah,738,1483,59152
37,20,KS,Kansas,683,1437,43033
37,28,MS,Mississippi,666,1274,36068
37,19,IA,Iowa,666,1163,31309
37,15,HI,Hawaii,647,1463,41164
37,5,AR,Arkansas,615,1202,34815
37,23,ME,Maine,518,928,40925
37,33,NH,New Hampshire,504,917,40615
37,2,AK,Alaska,462,1041,26356
37,10,DE,Delaware,450,803,24793
37,35,NM,New Mexico,444,782,25844
37,16,ID,Idaho,387,797,24547
37,30,MT,Montana,354,640,28135
37,44,RI,Rhode Island,333,598,20985
37,50,VT,Vermont,307,458,16159
37,31,NE,Nebraska,252,489,14946
37,56,WY,Wyoming,197,359,13512
37,46,SD,South Dakota,193,355,13010
37,38,ND,North Dakota,176,317,6788
38,96,ND,ND Total Migration-US and Foreign,16049,29221,943404
38,97,ND,ND Total Migration-US,15872,28857,935248
38,98,ND,ND Total Migration-Foreign,177,364,8155
38,97,ND,ND Total Migration-Same State,9427,16011,509483
38,38,ND,ND Non-migrants,286435,584281,24579229
38,27,MN,Minnesota,4174,6844,242850
38,48,TX,Texas,1088,2203,67854
38,4,AZ,Arizona,828,1444,59710
38,12,FL,Florida,732,1371,46975
38,46,SD,South Dakota,698,1300,47454
38,30,MT,Montana,635,1171,35870
38,6,CA,California,632,1157,35861
38,8,CO,Colorado,579,981,31410
38,53,WA,Washington,432,761,24961
38,55,WI,Wisconsin,375,644,21277
38,39,OH,Ohio,299,592,13971
38,16,ID,Idaho,298,630,17909
38,26,MI,Michigan,267,449,14860
38,17,IL,Illinois,257,474,13483
38,29,MO,Missouri,251,506,15251
38,37,NC,North Carolina,246,449,15778
38,32,NV,Nevada,242,440,15141
38,49,UT,Utah,234,531,13682
38,19,IA,Iowa,228,422,12618
38,13,GA,Georgia,224,484,11502
38,41,OR,Oregon,218,348,11195
38,31,NE,Nebraska,213,421,13826
38,42,PA,Pennsylvania,199,401,9719
38,40,OK,Oklahoma,195,370,10633
38,51,VA,Virginia,190,385,13017
38,57,FR,Foreign,177,364,8155
38,47,TN,Tennessee,175,353,9447
38,56,WY,Wyoming,172,312,10590
38,18,IN,Indiana,164,282,8787
38,20,KS,Kansas,156,312,7543
38,35,NM,New Mexico,142,309,8473
38,45,SC,South Carolina,138,284,7513
38,5,AR,Arkansas,125,263,6922
38,22,LA,Louisiana,122,283,8229
38,1,AL,Alabama,121,267,7682
38,36,NY,New York,119,194,5305
38,21,KY,Kentucky,114,189,4475
38,24,MD,Maryland,94,177,5408
38,28,MS,Mississippi,86,167,4845
38,2,AK,Alaska,85,169,4290
38,34,NJ,New Jersey,68,117,3533
38,25,MA,Massachusetts,63,87,3233
38,23,ME,Maine,37,58,1814
38,9,CT,Connecticut,33,51,1841
38,15,HI,Hawaii,30,46,1861
38,54,WV,West Virginia,28,44,1500
38,10,DE,Delaware,24,48,1651
38,11,DC,District Of Columbia,17,22,1271
38,33,NH,New Hampshire,15,24,1825
38,44,RI,Rhode Island,10,21,403
38,50,VT,Vermont,-1,-1,-1
39,96,OH,OH Total Migration-US and Foreign,98593,169106,8045212
39,97,OH,OH Total Migration-US,97975,167886,8010857
39,98,OH,OH Total Migration-Foreign,618,1220,34355
39,97,OH,OH Total Migration-Same State,177391,300971,9775099
39,39,OH,OH Non-migrants,4467138,8721486,331541388
39,12,FL,Florida,14612,25944,2148891
39,21,KY,Kentucky,6718,11234,365557
39,48,TX,Texas,6063,11197,465555
39,26,MI,Michigan,5755,9694,379610
39,18,IN,Indiana,5325,9381,317689
39,37,NC,North Carolina,4797,8575,395432
39,6,CA,California,4770,7379,361506
39,42,PA,Pennsylvania,4672,7515,283468
39,13,GA,Georgia,3682,6832,258297
39,47,TN,Tennessee,3382,6047,289348
39,17,IL,Illinois,3218,4862,244507
39,45,SC,South Carolina,3067,5731,290100
39,36,NY,New York,3022,4523,203371
39,51,VA,Virginia,2756,4743,189143
39,54,WV,West Virginia,2722,4712,114868
39,8,CO,Colorado,2499,3753,180012
39,4,AZ,Arizona,2485,4216,175023
39,53,WA,Washington,1477,2325,111196
39,24,MD,Maryland,1372,2254,90356
39,25,MA,Massachusetts,1163,1784,156422
39,1,AL,Alabama,1100,2102,63809
39,29,MO,Missouri,1072,1964,72545
39,34,NJ,New Jersey,1049,1793,80062
39,32,NV,Nevada,1013,1724,63894
39,55,WI,Wisconsin,903,1551,64625
39,27,MN,Minnesota,795,1391,60615
39,41,OR,Oregon,696,1071,46715
39,40,OK,Oklahoma,625,1187,32089
39,57,FR,Foreign,618,1220,34355
39,49,UT,Utah,591,1052,48385
39,19,IA,Iowa,571,997,31227
39,22,LA,Louisiana,533,937,38841
39,20,KS,Kansas,499,944,33590
39,9,CT,Connecticut,489,819,36760
39,5,AR,Arkansas,487,933,36611
39,11,DC,District Of Columbia,438,529,28540
39,28,MS,Mississippi,427,762,22290
39,35,NM,New Mexico,399,662,25404
39,15,HI,Hawaii,301,556,22489
39,23,ME,Maine,300,526,21019
39,16,ID,Idaho,268,481,18678
39,30,MT,Montana,252,438,15638
39,31,NE,Nebraska,240,453,17886
39,2,AK,Alaska,240,387,14329
39,33,NH,New Hampshire,214,368,30438
39,10,DE,Delaware,177,302,12962
39,46,SD,South Dakota,171,312,11914
39,44,RI,Rhode Island,161,263,12046
39,56,WY,Wyoming,146,246,8262
39,38,ND,North Dakota,136,248,6549
39,50,VT,Vermont,125,187,12295
40,96,OK,OK Total Migration-US and Foreign,39081,73786,2194005
40,97,OK,OK Total Migration-US,38545,72656,2163143
40,98,OK,OK Total Migration-Foreign,536,1130,30863
40,97,OK,OK Total Migration-Same State,67761,132164,3270893
40,40,OK,OK Non-migrants,1274765,2717920,87047690
40,48,TX,Texas,9908,18582,598942
40,5,AR,Arkansas,2780,5498,120623
40,12,FL,Florida,2301,4351,170129
40,20,KS,Kansas,2176,4211,103015
40,6,CA,California,2136,3678,95819
40,29,MO,Missouri,1902,3608,95171
40,8,CO,Colorado,1637,2902,110892
40,4,AZ,Arizona,1022,1893,61725
40,37,NC,North Carolina,928,1837,53553
40,13,GA,Georgia,897,1825,47502
40,53,WA,Washington,855,1644,55331
40,47,TN,Tennessee,730,1470,40080
40,51,VA,Virginia,716,1454,46548
40,17,IL,Illinois,676,1253,38768
40,35,NM,New Mexico,586,1077,24072
40,57,FR,Foreign,536,1130,30863
40,22,LA,Louisiana,517,1027,33106
40,39,OH,Ohio,515,984,27196
40,36,NY,New York,483,799,28535
40,42,PA,Pennsylvania,469,791,26418
40,19,IA,Iowa,462,810,18169
40,26,MI,Michigan,440,799,20885
40,1,AL,Alabama,431,863,25856
40,18,IN,Indiana,428,788,21177
40,45,SC,South Carolina,397,792,23848
40,41,OR,Oregon,392,655,17561
40,32,NV,Nevada,386,733,19054
40,27,MN,Minnesota,364,692,20243
40,49,UT,Utah,347,718,20689
40,55,WI,Wisconsin,327,566,15118
40,24,MD,Maryland,300,538,15105
40,28,MS,Mississippi,297,574,16342
40,31,NE,Nebraska,295,613,13547
40,21,KY,Kentucky,281,589,14201
40,2,AK,Alaska,229,496,13864
40,16,ID,Idaho,219,415,10391
40,15,HI,Hawaii,200,429,11541
40,34,NJ,New Jersey,194,339,10502
40,25,MA,Massachusetts,189,312,11284
40,30,MT,Montana,187,363,11101
40,56,WY,Wyoming,156,291,7723
40,38,ND,North Dakota,127,241,6704
40,46,SD,South Dakota,119,205,5537
40,9,CT,Connecticut,100,165,7984
40,54,WV,West Virginia,91,165,5455
40,23,ME,Maine,83,175,4483
40,11,DC,District Of Columbia,78,106,6176
40,33,NH,New Hampshire,69,136,4297
40,10,DE,Delaware,51,88,3060
40,44,RI,Rhode Island,38,62,1831
40,50,VT,Vermont,34,54,1986
41,96,OR,OR Total Migration-US and Foreign,68631,118473,5151965
41,97,OR,OR Total Migration-US,68422,118050,5138791
41,98,OR,OR Total Migration-Foreign,209,423,13175
41,97,OR,OR Total Migration-Same State,70940,115920,4923198
41,41,OR,OR Non-migrants,1549490,3016315,127074270
41,53,WA,Washington,16081,26551,1333450
41,6,CA,California,10347,15797,732625
41,48,TX,Texas,4410,8776,318171
41,4,AZ,Arizona,4386,7804,369298
41,16,ID,Idaho,3634,7309,277979
41,12,FL,Florida,2541,4736,215801
41,8,CO,Colorado,2113,3150,128724
41,32,NV,Nevada,1843,3037,157927
41,49,UT,Utah,1485,2820,124751
41,30,MT,Montana,1482,2725,109586
41,36,NY,New York,1211,1665,99676
41,47,TN,Tennessee,1145,2341,96099
41,37,NC,North Carolina,1098,1931,76593
41,15,HI,Hawaii,898,1486,60927
41,17,IL,Illinois,871,1330,60411
41,29,MO,Missouri,818,1595,42570
41,51,VA,Virginia,803,1368,55591
41,13,GA,Georgia,785,1418,64767
41,26,MI,Michigan,751,1340,56292
41,27,MN,Minnesota,735,1195,44758
41,39,OH,Ohio,728,1248,41127
41,42,PA,Pennsylvania,702,1116,47745
41,2,AK,Alaska,678,1205,37598
41,40,OK,Oklahoma,649,1341,33812
41,35,NM,New Mexico,613,980,38196
41,25,MA,Massachusetts,592,912,46348
41,55,WI,Wisconsin,568,976,34654
41,45,SC,South Carolina,565,1278,39706
41,18,IN,Indiana,509,873,33411
41,5,AR,Arkansas,438,928,24701
41,56,WY,Wyoming,399,786,26896
41,19,IA,Iowa,363,653,19543
41,20,KS,Kansas,362,663,19040
41,24,MD,Maryland,345,593,27573
41,21,KY,Kentucky,338,688,22679
41,34,NJ,New Jersey,329,526,26233
41,46,SD,South Dakota,318,663,24841
41,1,AL,Alabama,309,604,23320
41,23,ME,Maine,266,401,20349
41,31,NE,Nebraska,261,465,15392
41,22,LA,Louisiana,256,422,12609
41,9,CT,Connecticut,223,372,22697
41,38,ND,North Dakota,218,416,10900
41,57,FR,Foreign,209,423,13175
41,33,NH,New Hampshire,182,303,13968
41,50,VT,Vermont,177,271,10890
41,28,MS,Mississippi,174,332,10558
41,11,DC,District Of Columbia,156,192,10078
41,54,WV,West Virginia,114,225,5171
41,44,RI,Rhode Island,102,166,9286
41,10,DE,Delaware,51,78,3475
42,96,PA,PA Total Migration-US and Foreign,130419,219002,11466890
42,97,PA,PA Total Migration-US,129546,217343,11421673
42,98,PA,PA Total Migration-Foreign,873,1659,45217
42,97,PA,PA Total Migration-Same State,154821,255917,9800679
42,42,PA,PA Non-migrants,4952205,9670552,410324558
42,12,FL,Florida,18135,32420,2605002
42,34,NJ,New Jersey,15867,26208,1338569
42,36,NY,New York,11217,17288,702419
42,24,MD,Maryland,7042,11308,498156
42,37,NC,North Carolina,6816,12257,518998
42,10,DE,Delaware,6204,11083,529183
42,51,VA,Virginia,5918,9726,437579
42,39,OH,Ohio,5917,9943,373612
42,6,CA,California,5884,8465,491234
42,48,TX,Texas,5790,10623,489255
42,45,SC,South Carolina,4262,7927,442061
42,13,GA,Georgia,3794,6962,256553
42,25,MA,Massachusetts,2688,3939,244365
42,8,CO,Colorado,2480,3645,257116
42,4,AZ,Arizona,2165,3574,196767
42,47,TN,Tennessee,2115,3707,157249
42,54,WV,West Virginia,1968,3353,102268
42,17,IL,Illinois,1903,2906,253467
42,53,WA,Washington,1762,2575,141867
42,26,MI,Michigan,1583,2700,138065
42,9,CT,Connecticut,1423,2218,117384
42,18,IN,Indiana,1090,1943,69145
42,11,DC,District Of Columbia,881,1048,68893
42,57,FR,Foreign,873,1659,45217
42,21,KY,Kentucky,856,1573,52196
42,29,MO,Missouri,809,1424,56683
42,32,NV,Nevada,794,1253,52352
42,1,AL,Alabama,747,1408,49040
42,55,WI,Wisconsin,732,1202,46903
42,41,OR,Oregon,708,972,52391
42,27,MN,Minnesota,655,1134,51889
42,23,ME,Maine,633,1090,109660
42,49,UT,Utah,621,1124,69592
42,19,IA,Iowa,546,828,21008
42,22,LA,Louisiana,516,859,29111
42,33,NH,New Hampshire,498,833,69937
42,40,OK,Oklahoma,496,906,26624
42,50,VT,Vermont,408,657,42902
42,20,KS,Kansas,403,765,27900
42,44,RI,Rhode Island,403,615,31506
42,35,NM,New Mexico,380,627,30780
42,30,MT,Montana,329,520,21497
42,5,AR,Arkansas,329,630,20559
42,15,HI,Hawaii,298,508,22580
42,28,MS,Mississippi,296,550,16522
42,16,ID,Idaho,251,452,24375
42,31,NE,Nebraska,214,377,11407
42,46,SD,South Dakota,199,355,22980
42,2,AK,Alaska,196,332,12469
42,56,WY,Wyoming,165,253,12765
42,38,ND,North Dakota,160,278,6837
44,96,RI,RI Total Migration-US and Foreign,17510,28722,1395352
44,97,RI,RI Total Migration-US,17393,28466,1384300
44,98,RI,RI Total Migration-Foreign,117,256,11053
44,97,RI,RI Total Migration-Same State,9713,15433,691497
44,44,RI,RI Non-migrants,427719,789990,34824276
44,25,MA,Massachusetts,4835,7322,368138
44,12,FL,Florida,2492,4454,252304
44,9,CT,Connecticut,1789,2917,123861
44,36,NY,New York,1018,1439,81114
44,6,CA,California,715,1152,58637
44,37,NC,North Carolina,544,985,34386
44,48,TX,Texas,519,902,53427
44,51,VA,Virginia,444,857,32408
44,42,PA,Pennsylvania,419,705,26117
44,33,NH,New Hampshire,417,677,41668
44,34,NJ,New Jersey,358,578,22773
44,45,SC,South Carolina,355,653,28618
44,23,ME,Maine,350,583,22654
44,13,GA,Georgia,325,589,24647
44,24,MD,Maryland,234,380,18002
44,53,WA,Washington,208,353,20725
44,39,OH,Ohio,185,315,12771
44,8,CO,Colorado,178,253,14837
44,4,AZ,Arizona,175,287,13397
44,47,TN,Tennessee,167,298,16979
44,17,IL,Illinois,154,232,13382
44,50,VT,Vermont,143,226,10919
44,26,MI,Michigan,119,205,10444
44,57,FR,Foreign,117,256,11053
44,11,DC,District Of Columbia,105,122,9175
44,18,IN,Indiana,80,151,4371
44,32,NV,Nevada,78,101,5188
44,21,KY,Kentucky,69,146,3782
44,27,MN,Minnesota,67,118,4969
44,29,MO,Missouri,66,109,4524
44,1,AL,Alabama,65,111,3593
44,15,HI,Hawaii,64,128,5657
44,41,OR,Oregon,63,85,3120
44,55,WI,Wisconsin,61,96,3503
44,49,UT,Utah,53,106,4476
44,22,LA,Louisiana,49,74,2226
44,10,DE,Delaware,44,84,3494
44,40,OK,Oklahoma,42,76,2068
44,19,IA,Iowa,42,66,1993
44,54,WV,West Virginia,34,52,1998
44,20,KS,Kansas,34,66,2308
44,35,NM,New Mexico,33,58,1866
44,31,NE,Nebraska,29,63,3266
44,5,AR,Arkansas,29,55,1737
44,46,SD,South Dakota,26,42,1616
44,30,MT,Montana,25,39,1418
44,28,MS,Mississippi,22,41,816
44,38,ND,North Dakota,20,32,660
44,2,AK,Alaska,20,40,1135
44,16,ID,Idaho,17,23,963
44,56,WY,Wyoming,13,20,2168
45,96,SC,SC Total Migration-US and Foreign,68142,121372,4366331
45,97,SC,SC Total Migration-US,67306,119598,4320668
45,98,SC,SC Total Migration-Foreign,836,1774,45664
45,97,SC,SC Total Migration-Same State,76112,141152,4114405
45,45,SC,SC Non-migrants,1781179,3621124,129835712
45,37,NC,North Carolina,14438,25173,882041
45,13,GA,Georgia,8100,14695,484514
45,12,FL,Florida,7584,13686,586878
45,51,VA,Virginia,3525,6316,225208
45,48,TX,Texas,3384,6404,223313
45,47,TN,Tennessee,2363,4381,166004
45,36,NY,New York,2325,3796,137618
45,6,CA,California,2285,3804,124413
45,42,PA,Pennsylvania,1962,3331,119452
45,39,OH,Ohio,1843,3244,107914
45,24,MD,Maryland,1275,2179,72556
45,8,CO,Colorado,1144,1878,116135
45,1,AL,Alabama,1118,2251,79932
45,26,MI,Michigan,1050,1838,63251
45,53,WA,Washington,1036,1777,58171
45,34,NJ,New Jersey,1036,1670,69358
45,17,IL,Illinois,1008,1742,67209
45,4,AZ,Arizona,841,1622,64845
45,57,FR,Foreign,836,1774,45664
45,25,MA,Massachusetts,807,1207,55241
45,21,KY,Kentucky,777,1566,48531
45,9,CT,Connecticut,706,1098,37419
45,18,IN,Indiana,705,1323,43838
45,29,MO,Missouri,594,1109,33733
45,54,WV,West Virginia,497,902,25547
45,55,WI,Wisconsin,474,853,29415
45,32,NV,Nevada,464,812,27984
45,22,LA,Louisiana,447,824,25442
45,40,OK,Oklahoma,376,739,18605
45,15,HI,Hawaii,365,716,20716
45,49,UT,Utah,339,656,24608
45,28,MS,Mississippi,335,690,20700
45,41,OR,Oregon,325,557,23776
45,23,ME,Maine,323,566,22198
45,20,KS,Kansas,315,657,19169
45,19,IA,Iowa,298,481,12128
45,5,AR,Arkansas,284,550,17385
45,27,MN,Minnesota,277,505,22151
45,33,NH,New Hampshire,260,417,15741
45,10,DE,Delaware,245,420,19194
45,35,NM,New Mexico,239,428,15413
45,11,DC,District Of Columbia,234,328,16177
45,2,AK,Alaska,230,464,11340
45,44,RI,Rhode Island,192,292,11504
45,16,ID,Idaho,183,334,11405
45,30,MT,Montana,158,284,9468
45,50,VT,Vermont,145,246,9124
45,31,NE,Nebraska,130,269,8721
45,46,SD,South Dakota,108,209,5662
45,56,WY,Wyoming,81,149,6065
45,38,ND,North Dakota,76,160,3457
46,96,SD,SD Total Migration-US and Foreign,13082,23376,781056
46,97,SD,SD Total Migration-US,12935,23085,773989
46,98,SD,SD Total Migration-Foreign,147,291,7067
46,97,SD,SD Total Migration-Same State,14640,25642,822137
46,46,SD,SD Non-migrants,331342,691172,28234829
46,27,MN,Minnesota,1526,2673,80697
46,19,IA,Iowa,1009,1772,58912
46,4,AZ,Arizona,844,1455,58257
46,31,NE,Nebraska,820,1421,40048
46,48,TX,Texas,790,1480,47904
46,12,FL,Florida,705,1239,53448
46,8,CO,Colorado,667,1069,40147
46,38,ND,North Dakota,596,1063,26595
46,6,CA,California,483,815,29394
46,56,WY,Wyoming,372,683,18805
46,53,WA,Washington,308,477,16702
46,55,WI,Wisconsin,286,488,19575
46,29,MO,Missouri,267,513,15381
46,30,MT,Montana,243,432,15839
46,39,OH,Ohio,233,459,11501
46,37,NC,North Carolina,225,451,13165
46,32,NV,Nevada,224,388,15061
46,17,IL,Illinois,220,363,11813
46,20,KS,Kansas,210,413,12893
46,41,OR,Oregon,197,317,8877
46,47,TN,Tennessee,189,326,14825
46,49,UT,Utah,182,323,10832
46,26,MI,Michigan,172,298,8487
46,42,PA,Pennsylvania,170,324,14356
46,51,VA,Virginia,169,320,10260
46,40,OK,Oklahoma,166,317,10298
46,35,NM,New Mexico,155,318,9644
46,13,GA,Georgia,148,285,9026
46,57,FR,Foreign,147,291,7067
46,18,IN,Indiana,141,261,7883
46,36,NY,New York,125,229,9381
46,45,SC,South Carolina,124,252,9058
46,16,ID,Idaho,118,197,7196
46,5,AR,Arkansas,106,236,7136
46,1,AL,Alabama,100,214,5930
46,21,KY,Kentucky,97,221,5580
46,24,MD,Maryland,78,135,6025
46,2,AK,Alaska,67,129,3262
46,22,LA,Louisiana,65,123,3707
46,25,MA,Massachusetts,49,79,4553
46,15,HI,Hawaii,44,90,3881
46,34,NJ,New Jersey,40,77,3389
46,28,MS,Mississippi,39,68,1574
46,23,ME,Maine,38,78,1787
46,54,WV,West Virginia,32,57,5384
46,9,CT,Connecticut,27,35,1155
46,50,VT,Vermont,15,25,1162
46,33,NH,New Hampshire,15,20,905
46,10,DE,Delaware,15,35,863
46,11,DC,District Of Columbia,14,22,896
46,44,RI,Rhode Island,10,20,541
47,96,TN,TN Total Migration-US and Foreign,84663,153958,5338835
47,97,TN,TN Total Migration-US,84105,152716,5301257
47,98,TN,TN Total Migration-Foreign,558,1242,37579
47,97,TN,TN Total Migration-Same State,108312,199414,5848113
47,47,TN,TN Non-migrants,2398002,4898737,182277327
47,12,FL,Florida,9952,18263,822088
47,13,GA,Georgia,7810,14525,446322
47,48,TX,Texas,6158,11808,402399
47,28,MS,Mississippi,5365,10278,282600
47,21,KY,Kentucky,5323,9795,231086
47,1,AL,Alabama,4509,8393,274587
47,37,NC,North Carolina,4248,7647,289577
47,51,VA,Virginia,3250,6013,210089
47,6,CA,California,3180,5202,246832
47,39,OH,Ohio,2580,4644,133198
47,17,IL,Illinois,2508,4301,133658
47,45,SC,South Carolina,2228,4115,150115
47,26,MI,Michigan,2034,3695,105226
47,18,IN,Indiana,2014,3672,112753
47,8,CO,Colorado,1923,3179,137374
47,5,AR,Arkansas,1898,3562,103021
47,36,NY,New York,1786,2797,120644
47,29,MO,Missouri,1603,2847,90338
47,42,PA,Pennsylvania,1425,2432,92043
47,4,AZ,Arizona,1371,2474,87342
47,53,WA,Washington,1219,2268,81893
47,22,LA,Louisiana,920,1650,50223
47,55,WI,Wisconsin,881,1533,51364
47,24,MD,Maryland,854,1476,57927
47,40,OK,Oklahoma,725,1451,36318
47,25,MA,Massachusetts,672,1028,47274
47,32,NV,Nevada,620,1059,46353
47,27,MN,Minnesota,591,1021,35871
47,34,NJ,New Jersey,567,920,59769
47,57,FR,Foreign,558,1242,37579
47,41,OR,Oregon,549,892,32479
47,20,KS,Kansas,526,1113,31357
47,19,IA,Iowa,511,832,25082
47,54,WV,West Virginia,436,766,18145
47,49,UT,Utah,415,800,30865
47,35,NM,New Mexico,370,645,25190
47,9,CT,Connecticut,355,572,24643
47,15,HI,Hawaii,311,655,18432
47,23,ME,Maine,271,484,17536
47,30,MT,Montana,258,455,20314
47,2,AK,Alaska,258,565,14365
47,31,NE,Nebraska,249,479,20221
47,11,DC,District Of Columbia,230,285,16709
47,16,ID,Idaho,219,460,14808
47,33,NH,New Hampshire,199,331,12407
47,46,SD,South Dakota,161,310,9028
47,10,DE,Delaware,134,238,7277
47,56,WY,Wyoming,124,237,6060
47,44,RI,Rhode Island,112,189,8197
47,38,ND,North Dakota,109,204,5315
47,50,VT,Vermont,94,156,4543
48,96,TX,TX Total Migration-US and Foreign,230884,428595,16867693
48,97,TX,TX Total Migration-US,227290,420870,16637706
48,98,TX,TX Total Migration-Foreign,3594,7725,229987
48,97,TX,TX Total Migration-Same State,568997,1071890,37887410
48,48,TX,TX Non-migrants,9954307,21291810,828904579
48,6,CA,California,21103,36092,1591033
48,12,FL,Florida,20859,37999,1747375
48,8,CO,Colorado,13456,23882,1116296
48,40,OK,Oklahoma,11483,22258,696638
48,22,LA,Louisiana,9279,17743,509609
48,13,GA,Georgia,8812,17249,600637
48,4,AZ,Arizona,8048,14613,600020
48,53,WA,Washington,7916,14131,621325
48,37,NC,North Carolina,7855,15025,642451
48,51,VA,Virginia,6970,13544,567844
48,5,AR,Arkansas,6920,13527,437952
48,36,NY,New York,6588,10500,491694
48,17,IL,Illinois,6562,11337,450036
48,35,NM,New Mexico,6473,12264,399121
48,47,TN,Tennessee,6463,12481,542527
48,29,MO,Missouri,5558,10676,359656
48,39,OH,Ohio,4964,9271,335088
48,42,PA,Pennsylvania,4351,7876,342305
48,26,MI,Michigan,4254,7855,300234
48,1,AL,Alabama,3854,7800,266546
48,57,FR,Foreign,3594,7725,229987
48,20,KS,Kansas,3590,7188,222280
48,18,IN,Indiana,3448,6683,202352
48,45,SC,South Carolina,3415,6730,263685
48,32,NV,Nevada,3373,5912,239167
48,24,MD,Maryland,3315,6172,237797
48,28,MS,Mississippi,3135,6097,175556
48,49,UT,Utah,2924,6253,236937
48,27,MN,Minnesota,2822,5240,200090
48,41,OR,Oregon,2806,4670,207520
48,34,NJ,New Jersey,2648,4760,228523
48,25,MA,Massachusetts,2601,4290,268880
48,55,WI,Wisconsin,2564,4698,181116
48,21,KY,Kentucky,2509,4996,152294
48,19,IA,Iowa,2181,3638,103494
48,15,HI,Hawaii,1742,3852,111594
48,31,NE,Nebraska,1506,2862,88359
48,16,ID,Idaho,1441,3060,106619
48,2,AK,Alaska,1264,2642,93162
48,9,CT,Connecticut,1192,2089,105499
48,30,MT,Montana,1064,2062,97757
48,11,DC,District Of Columbia,912,1205,133474
48,46,SD,South Dakota,762,1477,48986
48,56,WY,Wyoming,719,1441,46764
48,38,ND,North Dakota,700,1368,39626
48,23,ME,Maine,664,1244,53698
48,33,NH,New Hampshire,598,1065,56855
48,54,WV,West Virginia,546,1049,33851
48,10,DE,Delaware,428,784,29702
48,44,RI,Rhode Island,370,687,35141
48,50,VT,Vermont,283,533,18542
49,96,UT,UT Total Migration-US and Foreign,39125,78398,2737717
49,97,UT,UT Total Migration-US,38855,77677,2714154
49,98,UT,UT Total Migration-Foreign,270,721,23563
49,97,UT,UT Total Migration-Same State,46561,92968,3065154
49,49,UT,UT Non-migrants,1069367,2496328,98704763
49,6,CA,California,4473,7966,328553
49,48,TX,Texas,3387,7535,249331
49,16,ID,Idaho,3117,6851,177109
49,4,AZ,Arizona,3059,6140,201529
49,32,NV,Nevada,2304,4367,175581
49,8,CO,Colorado,2094,3666,132532
49,53,WA,Washington,2092,3880,176071
49,12,FL,Florida,1882,3904,164916
49,41,OR,Oregon,1375,2429,78709
49,37,NC,North Carolina,937,2078,61582
49,56,WY,Wyoming,861,1754,61566
49,51,VA,Virginia,740,1631,56716
49,36,NY,New York,712,1161,60288
49,13,GA,Georgia,694,1571,51625
49,30,MT,Montana,678,1342,43529
49,29,MO,Missouri,659,1611,40559
49,47,TN,Tennessee,616,1303,54585
49,39,OH,Ohio,588,1149,35723
49,17,IL,Illinois,564,1075,38696
49,35,NM,New Mexico,513,1031,20534
49,42,PA,Pennsylvania,490,933,30300
49,26,MI,Michigan,480,867,29812
49,40,OK,Oklahoma,411,923,27196
49,27,MN,Minnesota,403,756,24306
49,55,WI,Wisconsin,394,752,26290
49,45,SC,South Carolina,374,858,26009
49,18,IN,Indiana,373,856,25644
49,25,MA,Massachusetts,364,610,26812
49,15,HI,Hawaii,355,731,24217
49,2,AK,Alaska,336,685,20205
49,5,AR,Arkansas,314,721,18568
49,20,KS,Kansas,291,626,14718
49,24,MD,Maryland,289,604,20326
49,19,IA,Iowa,282,587,14484
49,57,FR,Foreign,270,721,23563
49,1,AL,Alabama,268,619,18287
49,21,KY,Kentucky,256,586,13163
49,34,NJ,New Jersey,221,394,20324
49,31,NE,Nebraska,213,454,10740
49,22,LA,Louisiana,207,407,11425
49,46,SD,South Dakota,164,302,14478
49,9,CT,Connecticut,155,288,17566
49,33,NH,New Hampshire,142,245,10862
49,38,ND,North Dakota,139,318,7444
49,23,ME,Maine,137,259,11764
49,28,MS,Mississippi,131,305,7123
49,50,VT,Vermont,98,150,17078
49,54,WV,West Virginia,72,161,5604
49,11,DC,District Of Columbia,66,86,4557
49,44,RI,Rhode Island,53,84,2707
49,10,DE,Delaware,32,66,2412
50,96,VT,VT Total Migration-US and Foreign,10726,16419,762230
50,97,VT,VT Total Migration-US,10699,16360,760093
50,98,VT,VT Total Migration-Foreign,27,59,2137
50,97,VT,VT Total Migration-Same State,6949,10626,372207
50,50,VT,VT Non-migrants,261818,485092,19657379
50,36,NY,New York,1341,2009,92010
50,33,NH,New Hampshire,1308,1966,82070
50,12,FL,Florida,1203,1980,113271
50,25,MA,Massachusetts,1020,1417,84470
50,23,ME,Maine,475,717,29062
50,37,NC,North Carolina,453,720,26988
50,9,CT,Connecticut,394,565,26436
50,6,CA,California,393,553,25496
50,48,TX,Texas,309,526,21156
50,42,PA,Pennsylvania,309,487,20170
50,8,CO,Colorado,306,398,18288
50,45,SC,South Carolina,280,505,21430
50,51,VA,Virginia,251,394,16408
50,47,TN,Tennessee,200,356,12522
50,34,NJ,New Jersey,200,305,33813
50,4,AZ,Arizona,176,281,10620
50,53,WA,Washington,169,237,11136
50,13,GA,Georgia,146,249,8735
50,39,OH,Ohio,137,198,7529
50,41,OR,Oregon,119,161,6080
50,49,UT,Utah,118,182,6801
50,26,MI,Michigan,110,180,6543
50,17,IL,Illinois,110,169,6927
50,44,RI,Rhode Island,98,138,5694
50,24,MD,Maryland,97,137,6133
50,30,MT,Montana,78,103,3951
50,55,WI,Wisconsin,67,104,4576
50,27,MN,Minnesota,66,107,5137
50,35,NM,New Mexico,64,89,3387
50,18,IN,Indiana,62,97,2856
50,29,MO,Missouri,55,97,3530
50,21,KY,Kentucky,51,83,2678
50,11,DC,District Of Columbia,48,67,5538
50,32,NV,Nevada,46,70,1846
50,54,WV,West Virginia,41,66,2175
50,16,ID,Idaho,37,63,2808
50,19,IA,Iowa,36,55,1889
50,10,DE,Delaware,33,58,2717
50,1,AL,Alabama,33,52,2175
50,40,OK,Oklahoma,32,50,1847
50,56,WY,Wyoming,29,40,2317
50,2,AK,Alaska,29,40,1606
50,22,LA,Louisiana,28,42,1408
50,15,HI,Hawaii,28,51,1344
50,57,FR,Foreign,27,59,2137
50,20,KS,Kansas,26,47,2357
50,28,MS,Mississippi,23,30,885
50,31,NE,Nebraska,20,31,682
50,46,SD,South Dakota,17,30,1157
50,5,AR,Arkansas,16,41,807
50,38,ND,North Dakota,12,17,629
51,96,VA,VA Total Migration-US and Foreign,137376,251896,12916310
51,97,VA,VA Total Migration-US,133907,243217,12547914
51,98,VA,VA Total Migration-Foreign,3469,8679,368395
51,97,VA,VA Total Migration-Same State,203492,363110,13688877
51,51,VA,VA Non-migrants,2981338,6072869,290294663
51,12,FL,Florida,15542,29687,2327309
51,37,NC,North Carolina,15278,28366,1196641
51,24,MD,Maryland,13736,23150,1125699
51,48,TX,Texas,8926,17803,819967
51,6,CA,California,7843,13917,683050
51,13,GA,Georgia,5417,10456,463365
51,42,PA,Pennsylvania,5314,8995,437464
51,11,DC,District Of Columbia,5155,6376,536367
51,36,NY,New York,5070,7913,408989
51,45,SC,South Carolina,4902,9369,513438
51,47,TN,Tennessee,4285,8099,376325
51,54,WV,West Virginia,3684,6882,246375
51,57,FR,Foreign,3469,8679,368395
51,8,CO,Colorado,3123,5554,308288
51,39,OH,Ohio,2809,5243,207168
51,53,WA,Washington,2594,4878,242101
51,34,NJ,New Jersey,2478,3994,207787
51,17,IL,Illinois,2094,3666,171300
51,4,AZ,Arizona,1984,3625,208649
51,25,MA,Massachusetts,1842,2876,183315
51,26,MI,Michigan,1659,3114,135008
51,1,AL,Alabama,1631,3426,151014
51,21,KY,Kentucky,1205,2326,76698
51,18,IN,Indiana,1143,2175,84221
51,15,HI,Hawaii,1104,2533,92951
51,29,MO,Missouri,1103,2097,92437
51,10,DE,Delaware,1070,1922,108660
51,32,NV,Nevada,956,1694,103994
51,9,CT,Connecticut,950,1631,82750
51,49,UT,Utah,828,1814,90600
51,22,LA,Louisiana,803,1527,55456
51,40,OK,Oklahoma,760,1659,53020
51,41,OR,Oregon,740,1199,53192
51,55,WI,Wisconsin,719,1295,56527
51,20,KS,Kansas,685,1536,47739
51,27,MN,Minnesota,677,1242,94046
51,28,MS,Mississippi,660,1411,47538
51,35,NM,New Mexico,550,997,51113
51,23,ME,Maine,542,1010,53427
51,19,IA,Iowa,483,818,28945
51,5,AR,Arkansas,469,902,33720
51,33,NH,New Hampshire,442,819,45797
51,2,AK,Alaska,410,809,24452
51,44,RI,Rhode Island,389,741,38768
51,16,ID,Idaho,371,799,34363
51,31,NE,Nebraska,365,755,31981
51,30,MT,Montana,331,616,32528
51,50,VT,Vermont,233,396,23233
51,46,SD,South Dakota,231,438,21586
51,56,WY,Wyoming,182,349,28790
51,38,ND,North Dakota,140,318,9760
53,96,WA,WA Total Migration-US and Foreign,118704,220998,11133976
53,97,WA,WA Total Migration-US,117433,217969,11045474
53,98,WA,WA Total Migration-Foreign,1271,3029,88502
53,97,WA,WA Total Migration-Same State,114121,195608,8889792
53,53,WA,WA Non-migrants,2907067,5775207,310213833
53,6,CA,California,16960,27915,1743620
53,41,OR,Oregon,12541,20297,871102
53,48,TX,Texas,10829,22960,1169671
53,4,AZ,Arizona,9089,16673,856140
53,16,ID,Idaho,7325,14726,579474
53,12,FL,Florida,6354,12584,894060
53,8,CO,Colorado,3577,6184,406285
53,30,MT,Montana,3013,5757,260268
53,32,NV,Nevada,2968,5260,292034
53,36,NY,New York,2611,3791,265286
53,51,VA,Virginia,2489,5275,239922
53,13,GA,Georgia,2489,5017,236622
53,37,NC,North Carolina,2449,4964,229409
53,49,UT,Utah,2413,5140,217511
53,47,TN,Tennessee,2203,4703,219876
53,17,IL,Illinois,1990,3411,187218
53,15,HI,Hawaii,1851,3539,175157
53,29,MO,Missouri,1617,3386,117804
53,39,OH,Ohio,1536,2783,119760
53,45,SC,South Carolina,1486,3302,121256
53,26,MI,Michigan,1479,2638,122865
53,42,PA,Pennsylvania,1419,2507,141038
53,27,MN,Minnesota,1395,2453,118967
53,2,AK,Alaska,1391,2470,83709
53,57,FR,Foreign,1271,3029,88502
53,40,OK,Oklahoma,1197,2540,104427
53,25,MA,Massachusetts,1144,1804,134485
53,24,MD,Maryland,1082,2018,97898
53,55,WI,Wisconsin,997,1775,78913
53,35,NM,New Mexico,949,1583,72653
53,18,IN,Indiana,926,1743,71275
53,1,AL,Alabama,852,1825,68895
53,34,NJ,New Jersey,813,1371,98252
53,20,KS,Kansas,748,1546,54779
53,21,KY,Kentucky,739,1602,48850
53,5,AR,Arkansas,736,1541,55909
53,22,LA,Louisiana,660,1253,42654
53,19,IA,Iowa,597,1183,36745
53,56,WY,Wyoming,549,1042,50949
53,46,SD,South Dakota,532,1136,58424
53,9,CT,Connecticut,499,867,72493
53,31,NE,Nebraska,483,942,32110
53,38,ND,North Dakota,398,784,19430
53,23,ME,Maine,392,692,29499
53,28,MS,Mississippi,365,782,25151
53,11,DC,District Of Columbia,361,485,33541
53,33,NH,New Hampshire,284,539,36214
53,50,VT,Vermont,189,321,15552
53,44,RI,Rhode Island,178,314,15403
53,54,WV,West Virginia,169,328,11783
53,10,DE,Delaware,120,218,10136
54,96,WV,WV Total Migration-US and Foreign,20035,35179,1132964
54,97,WV,WV Total Migration-US,19979,35037,1129659
54,98,WV,WV Total Migration-Foreign,56,142,3305
54,97,WV,WV Total Migration-Same State,17805,31739,737426
54,54,WV,WV Non-migrants,616871,1245262,37709573
54,39,OH,Ohio,3193,5554,137133
54,51,VA,Virginia,2619,4626,135153
54,42,PA,Pennsylvania,1945,3189,108392
54,12,FL,Florida,1844,3274,142393
54,24,MD,Maryland,1581,2722,85049
54,37,NC,North Carolina,1452,2535,85919
54,21,KY,Kentucky,889,1673,42545
54,45,SC,South Carolina,808,1493,60410
54,48,TX,Texas,646,1253,51565
54,47,TN,Tennessee,564,1048,31426
54,13,GA,Georgia,448,836,25676
54,6,CA,California,333,519,20019
54,36,NY,New York,296,464,16177
54,26,MI,Michigan,253,432,12488
54,8,CO,Colorado,230,331,11905
54,18,IN,Indiana,217,393,14757
54,1,AL,Alabama,185,387,11161
54,34,NJ,New Jersey,183,288,9172
54,17,IL,Illinois,182,305,11597
54,4,AZ,Arizona,180,333,11805
54,29,MO,Missouri,152,310,7167
54,19,IA,Iowa,135,187,2935
54,53,WA,Washington,124,216,7729
54,25,MA,Massachusetts,101,166,6273
54,32,NV,Nevada,97,178,5755
54,22,LA,Louisiana,85,153,3660
54,55,WI,Wisconsin,84,150,4922
54,10,DE,Delaware,80,136,5505
54,27,MN,Minnesota,78,116,4001
54,40,OK,Oklahoma,77,128,3856
54,5,AR,Arkansas,72,159,4480
54,28,MS,Mississippi,70,129,4139
54,41,OR,Oregon,67,112,3580
54,20,KS,Kansas,63,118,4305
54,11,DC,District Of Columbia,63,80,3106
54,49,UT,Utah,59,102,3769
54,9,CT,Connecticut,57,84,3663
54,57,FR,Foreign,56,142,3305
54,23,ME,Maine,46,78,2279
54,35,NM,New Mexico,43,75,2522
54,30,MT,Montana,43,98,3099
54,15,HI,Hawaii,42,88,2839
54,56,WY,Wyoming,39,71,1614
54,33,NH,New Hampshire,39,74,1972
54,16,ID,Idaho,37,80,2398
54,2,AK,Alaska,37,63,1613
54,31,NE,Nebraska,33,57,1686
54,46,SD,South Dakota,31,44,1282
54,50,VT,Vermont,30,46,1601
54,38,ND,North Dakota,27,52,1889
54,44,RI,Rhode Island,20,32,1279
55,96,WI,WI Total Migration-US and Foreign,55370,92682,4153344
55,97,WI,WI Total Migration-US,55073,92146,4140501
55,98,WI,WI Total Migration-Foreign,297,536,12843
55,97,WI,WI Total Migration-Same State,94841,156400,5541380
55,55,WI,WI Non-migrants,2299675,4575786,183144247
55,17,IL,Illinois,7202,11371,453137
55,27,MN,Minnesota,7068,10832,395586
55,12,FL,Florida,5423,9548,722557
55,48,TX,Texas,3735,6977,255110
55,4,AZ,Arizona,2786,4761,260544
55,6,CA,California,2716,4228,205879
55,26,MI,Michigan,2492,4374,158354
55,8,CO,Colorado,2123,3043,142763
55,19,IA,Iowa,1465,2469,85192
55,37,NC,North Carolina,1423,2606,131060
55,47,TN,Tennessee,1359,2507,105150
55,13,GA,Georgia,1295,2512,82402
55,53,WA,Washington,1173,1731,98312
55,18,IN,Indiana,1086,1929,63803
55,36,NY,New York,1018,1478,67141
55,39,OH,Ohio,983,1682,77279
55,29,MO,Missouri,900,1568,54202
55,51,VA,Virginia,842,1414,63484
55,45,SC,South Carolina,750,1399,71111
55,42,PA,Pennsylvania,719,1166,46815
55,32,NV,Nevada,667,1124,67147
55,41,OR,Oregon,604,881,34759
55,25,MA,Massachusetts,507,708,58165
55,21,KY,Kentucky,506,968,33281
55,40,OK,Oklahoma,442,935,22090
55,1,AL,Alabama,431,808,26386
55,49,UT,Utah,410,695,33365
55,24,MD,Maryland,410,637,27023
55,5,AR,Arkansas,398,764,23865
55,20,KS,Kansas,336,627,21193
55,46,SD,South Dakota,324,604,21702
55,34,NJ,New Jersey,303,460,23229
55,57,FR,Foreign,297,536,12843
55,30,MT,Montana,295,530,21567
55,31,NE,Nebraska,282,470,15735
55,28,MS,Mississippi,270,521,12058
55,35,NM,New Mexico,263,456,18838
55,22,LA,Louisiana,227,355,10980
55,38,ND,North Dakota,226,366,12911
55,16,ID,Idaho,214,395,12955
55,2,AK,Alaska,200,336,11374
55,9,CT,Connecticut,180,288,13230
55,15,HI,Hawaii,177,311,10954
55,11,DC,District Of Columbia,172,207,14499
55,56,WY,Wyoming,164,266,11185
55,23,ME,Maine,132,236,16440
55,33,NH,New Hampshire,105,162,9167
55,50,VT,Vermont,88,144,6220
55,54,WV,West Virginia,83,131,4110
55,10,DE,Delaware,53,91,3547
55,44,RI,Rhode Island,46,75,2645
56,96,WY,WY Total Migration-US and Foreign,12554,23061,826727
56,97,WY,WY Total Migration-US,12462,22858,822010
56,98,WY,WY Total Migration-Foreign,92,203,4717
56,97,WY,WY Total Migration-Same State,4935,8787,276290
56,56,WY,WY Non-migrants,213816,439711,21738626
56,8,CO,Colorado,1698,2757,102619
56,48,TX,Texas,844,1679,69858
56,49,UT,Utah,794,1519,48044
56,30,MT,Montana,780,1376,52471
56,4,AZ,Arizona,732,1364,64999
56,16,ID,Idaho,657,1209,44670
56,6,CA,California,568,938,30453
56,46,SD,South Dakota,507,932,30518
56,12,FL,Florida,476,846,38361
56,31,NE,Nebraska,471,881,24455
56,53,WA,Washington,348,594,19908
56,32,NV,Nevada,329,608,22819
56,41,OR,Oregon,298,519,13107
56,40,OK,Oklahoma,229,456,9453
56,29,MO,Missouri,202,433,11212
56,26,MI,Michigan,200,380,13643
56,38,ND,North Dakota,198,383,12262
56,47,TN,Tennessee,193,372,16865
56,35,NM,New Mexico,183,358,10038
56,20,KS,Kansas,174,392,12196
56,55,WI,Wisconsin,167,300,10367
56,27,MN,Minnesota,166,276,9178
56,51,VA,Virginia,164,308,9721
56,37,NC,North Carolina,164,317,9608
56,13,GA,Georgia,147,296,7206
56,39,OH,Ohio,143,295,6842
56,5,AR,Arkansas,141,285,7524
56,17,IL,Illinois,140,272,17526
56,19,IA,Iowa,134,240,5785
56,45,SC,South Carolina,133,284,11914
56,36,NY,New York,113,203,12479
56,42,PA,Pennsylvania,103,201,5348
56,18,IN,Indiana,94,173,4087
56,1,AL,Alabama,94,190,4924
56,57,FR,Foreign,92,203,4717
56,2,AK,Alaska,89,181,8704
56,22,LA,Louisiana,80,156,5381
56,21,KY,Kentucky,69,139,3387
56,24,MD,Maryland,66,98,3264
56,28,MS,Mississippi,63,126,3460
56,23,ME,Maine,43,78,3006
56,25,MA,Massachusetts,41,62,5631
56,15,HI,Hawaii,41,77,2658
56,54,WV,West Virginia,39,68,2992
56,33,NH,New Hampshire,37,61,2170
56,34,NJ,New Jersey,36,69,6284
56,9,CT,Connecticut,30,45,2091
56,50,VT,Vermont,18,29,740
56,44,RI,Rhode Island,16,22,749
56,11,DC,District Of Columbia,10,11,1038
56,10,DE,Delaware,-1,-1,-1
